286 9 9 1.3283454434330813 3 1.3283454434330813 3 5 5 8 8 0.5881143186650182 0.5881143186650182 16
286 9 10 1.3291442780669673 3 1.3291442780669673 3 4 4 9 9 0.625227616149562 0.625227616149562 18
286 9 7 1.3880472364354666 4 1.3880472364354666 4 5 5 10 10 0.6113210313385141 0.6113210313385141 16
286 9 8 1.3969978438717285 3 1.3969978438717285 3 4 4 9 9 0.5872836080003908 0.5872836080003908 16
286 9 4 1.3387571132943652 4 1.3387571132943652 4 4 4 8 8 0.5952601097654574 0.5952601097654574 18
286 9 7 1.3532419507944555 3 1.3532419507944555 3 6 6 10 10 0.5893004625522108 0.5893004625522108 16
286 9 13 1.3463959269004617 3 1.3463959269004617 3 7 7 9 9 0.6081209437415729 0.6081209437415729 16
286 9 6 1.3235011476754506 3 1.3235011476754506 3 5 5 8 8 0.6172323323187163 0.6172323323187163 18
286 9 9 1.3620472408285644 3 1.3620472408285644 3 4 4 9 9 0.6056198366513053 0.6056198366513053 15
286 9 12 1.3282398950140482 4 1.3282398950140482 4 5 5 8 8 0.6127873731689039 0.6127873731689039 17
286 9 12 1.331193387409733 4 1.331193387409733 4 5 5 8 8 0.5857359597872758 0.5857359597872758 17
286 9 6 1.3449729281407838 4 1.3449729281407838 4 5 5 8 8 0.6105564053502143 0.6105564053502143 17
286 9 18 1.3462924112166303 4 1.3462924112166303 4 4 4 9 9 0.5917701816779523 0.5917701816779523 21
286 9 8 1.3423443533155481 4 1.3423443533155481 4 5 5 9 9 0.6224174184401456 0.6224174184401456 18
286 9 6 1.3841860669136175 4 1.3841860669136175 4 6 6 8 8 0.5832462943039867 0.5832462943039867 16
286 9 8 1.329309732459136 3 1.329309732459136 3 6 6 9 9 0.6205484298141641 0.6205484298141641 18
286 9 8 1.3795228983512144 3 1.3795228983512144 3 6 6 9 9 0.6012405717825301 0.6012405717825301 15
286 9 13 1.3697394821815163 3 1.3697394821815163 3 6 6 8 8 0.6008221188291122 0.6008221188291122 14
286 9 8 1.3392380702488775 4 1.3392380702488775 4 5 5 8 8 0.6146348600894052 0.6146348600894052 15
286 9 8 1.3355824919413017 3 1.3355824919413017 3 4 4 8 8 0.589352110593369 0.589352110593369 14
286 9 7 1.3230788479796551 4 1.3230788479796551 4 5 5 9 9 0.6090637218259596 0.6090637218259596 15
286 9 10 1.33375560981071 4 1.33375560981071 4 5 5 9 9 0.6009001875233556 0.6009001875233556 19
286 9 7 1.3319007648663561 3 1.3319007648663561 3 5 5 9 9 0.6016233863261835 0.6016233863261835 18
286 9 8 1.3947533848457467 3 1.3947533848457467 3 5 5 9 9 0.587981957824615 0.587981957824615 16
286 9 6 1.3210212796369303 3 1.3210212796369303 3 5 5 9 9 0.6309502503301357 0.6309502503301357 17
286 9 5 1.3703743401221724 3 1.3703743401221724 3 3 3 8 8 0.5791642141395333 0.5791642141395333 17
286 9 10 1.354065492350126 3 1.354065492350126 3 5 5 9 9 0.6040532505567469 0.6040532505567469 15
286 9 10 1.3317187233466614 3 1.3317187233466614 3 6 6 9 9 0.624295234052021 0.624295234052021 17
286 9 6 1.3718569596672432 3 1.3718569596672432 3 4 4 8 8 0.6063630231462398 0.6063630231462398 15
286 9 13 1.3530540387139942 4 1.3530540387139942 4 6 6 8 8 0.6112317592366954 0.6112317592366954 18
286 9 13 1.376447926153871 3 1.376447926153871 3 5 5 9 9 0.5982380053672731 0.5982380053672731 17
286 9 10 1.3418936017281515 4 1.3418936017281515 4 5 5 10 10 0.6198987625018446 0.6198987625018446 19
286 9 8 1.2997049934480402 4 1.2997049934480402 4 5 5 10 10 0.5994295380221951 0.5994295380221951 16
286 9 9 1.3765489490820124 3 1.3765489490820124 3 4 4 9 9 0.5978560775189838 0.5978560775189838 20
286 9 10 1.330278523460233 3 1.330278523460233 3 5 5 9 9 0.6362165418109473 0.6362165418109473 14
286 9 11 1.36030338404664 4 1.36030338404664 4 5 5 8 8 0.5879878571312135 0.5879878571312135 16
286 9 8 1.3569215458550603 4 1.3569215458550603 4 4 4 9 9 0.5996008296630468 0.5996008296630468 18
286 9 10 1.3620815142078657 3 1.3620815142078657 3 6 6 8 8 0.6064352525531055 0.6064352525531055 20
286 9 12 1.384408819311198 3 1.384408819311198 3 6 6 9 9 0.5921996369985886 0.5921996369985886 16
286 9 8 1.3418562233588498 3 1.3418562233588498 3 4 4 9 9 0.6174858426915195 0.6174858426915195 20
286 9 9 1.3540225991658217 4 1.3540225991658217 4 6 6 9 9 0.5980935294309419 0.5980935294309419 16
286 9 10 1.3561365135111672 3 1.3561365135111672 3 5 5 9 9 0.6092505371017299 0.6092505371017299 18
286 9 10 1.3267809651913631 4 1.3267809651913631 4 6 6 9 9 0.6252966827267529 0.6252966827267529 14
286 9 8 1.3326377142420611 4 1.3326377142420611 4 6 6 9 9 0.601135525485073 0.601135525485073 17
286 9 7 1.37224350878453 3 1.37224350878453 3 3 3 9 9 0.6035826062049838 0.6035826062049838 16
286 9 15 1.386023122154045 4 1.386023122154045 4 5 5 9 9 0.6108318497741574 0.6108318497741574 16
286 9 12 1.3527923666477957 4 1.3527923666477957 4 7 7 10 10 0.6282721884190843 0.6282721884190843 19
286 9 11 1.3718773716527888 3 1.3718773716527888 3 5 5 9 9 0.5956445080294918 0.5956445080294918 20
286 9 6 1.375032123092261 3 1.375032123092261 3 4 4 12 12 0.6011984130865254 0.6011984130865254 18
286 9 9 1.3608986908647855 3 1.3608986908647855 3 5 5 8 8 0.6135094957261762 0.6135094957261762 21
286 9 5 1.3361612958464892 3 1.3361612958464892 3 5 5 9 9 0.5828087610361263 0.5828087610361263 19
286 9 7 1.3420982846636367 4 1.3420982846636367 4 4 4 9 9 0.6077169040224366 0.6077169040224366 18
286 9 6 1.3302935828901439 4 1.3302935828901439 4 4 4 8 8 0.6037535842168711 0.6037535842168711 16
286 9 6 1.3296819360331222 3 1.3296819360331222 3 3 3 8 8 0.6231005348575276 0.6231005348575276 16
286 9 7 1.387545077190596 4 1.387545077190596 4 6 6 8 8 0.5892859945256077 0.5892859945256077 17
286 9 5 1.3767904102470072 3 1.3767904102470072 3 4 4 9 9 0.6265698916125695 0.6265698916125695 17
286 9 10 1.3630482579680199 3 1.3630482579680199 3 6 6 9 9 0.6025229481086126 0.6025229481086126 16
286 9 7 1.3084194452932947 4 1.3084194452932947 4 4 4 9 9 0.5992214310781776 0.5992214310781776 17
286 9 11 1.3822937936621154 4 1.3822937936621154 4 4 4 8 8 0.5975892405962336 0.5975892405962336 16
286 9 7 1.3639629298544098 4 1.3639629298544098 4 4 4 9 9 0.608831657299907 0.608831657299907 20
286 9 7 1.3836027154035286 3 1.3836027154035286 3 6 6 9 9 0.6263698325761263 0.6263698325761263 15
286 9 15 1.344385053609059 3 1.344385053609059 3 4 4 9 9 0.6163364316336343 0.6163364316336343 15
286 9 5 1.3417154820674935 4 1.3417154820674935 4 4 4 9 9 0.6148455080273263 0.6148455080273263 15
286 9 14 1.3704703280907913 4 1.3704703280907913 4 6 6 9 9 0.6096074140448878 0.6096074140448878 18
286 9 10 1.3742003649992436 4 1.3742003649992436 4 5 5 8 8 0.6034696193015815 0.6034696193015815 17
286 9 7 1.345592028184101 3 1.345592028184101 3 6 6 8 8 0.6012733381614503 0.6012733381614503 15
286 9 10 1.3570542719715522 3 1.3570542719715522 3 6 6 10 10 0.6139962989613342 0.6139962989613342 15
286 9 10 1.3710526698647936 4 1.3710526698647936 4 7 7 9 9 0.593523337864659 0.593523337864659 17
286 9 5 1.3384991369237207 4 1.3384991369237207 4 4 4 8 8 0.5852103073693984 0.5852103073693984 16
286 9 10 1.3949456820397845 4 1.3949456820397845 4 4 4 8 8 0.5849751792496546 0.5849751792496546 16
286 9 13 1.3331785780661254 4 1.3331785780661254 4 5 5 9 9 0.5996387753432179 0.5996387753432179 18
286 9 6 1.3848382520800295 3 1.3848382520800295 3 4 4 9 9 0.5761663695667194 0.5761663695667194 16
286 9 11 1.3805452785050132 4 1.3805452785050132 4 5 5 10 10 0.6105608392475935 0.6105608392475935 20
286 9 6 1.305171746925233 4 1.305171746925233 4 5 5 8 8 0.60739866508326 0.60739866508326 17
286 9 10 1.3366906656332582 4 1.3366906656332582 4 5 5 9 9 0.6006660531002095 0.6006660531002095 20
286 9 2 1.3503871342934706 3 1.3503871342934706 3 1 1 8 8 0.6254343461511293 0.6254343461511293 15
286 9 6 1.3492544024146556 3 1.3492544024146556 3 5 5 8 8 0.6242975507398583 0.6242975507398583 18
286 9 14 1.3650914482262724 3 1.3650914482262724 3 4 4 8 8 0.5960993155229066 0.5960993155229066 20
286 9 7 1.347091204389391 4 1.347091204389391 4 4 4 9 9 0.5782175032792065 0.5782175032792065 17
286 9 11 1.2989043260803086 4 1.2989043260803086 4 7 7 8 8 0.6354493311661139 0.6354493311661139 15
286 9 6 1.341078171468917 4 1.341078171468917 4 5 5 8 8 0.5973706871536983 0.5973706871536983 17
286 9 8 1.3334753999786704 4 1.3334753999786704 4 4 4 9 9 0.6067904466750782 0.6067904466750782 19
286 9 13 1.361573657714378 3 1.361573657714378 3 7 7 9 9 0.5833367746906416 0.5833367746906416 17
286 9 8 1.3389971127012514 3 1.3389971127012514 3 5 5 9 9 0.6344595866449015 0.6344595866449015 15
286 9 6 1.329369546384095 3 1.329369546384095 3 5 5 9 9 0.5938003946668076 0.5938003946668076 17
286 9 8 1.3152644798923456 3 1.3152644798923456 3 6 6 8 8 0.5959786973618728 0.5959786973618728 17
286 9 6 1.3494776230536585 3 1.3494776230536585 3 4 4 9 9 0.6029281712848142 0.6029281712848142 16
286 9 9 1.4118135426843035 4 1.4118135426843035 4 7 7 9 9 0.6002141723398405 0.6002141723398405 20
286 9 7 1.3312738044843468 3 1.3312738044843468 3 4 4 8 8 0.6023217264476008 0.6023217264476008 15
286 9 13 1.350736989028523 3 1.350736989028523 3 6 6 8 8 0.5886142024253914 0.5886142024253914 16
286 9 10 1.3746707961315079 4 1.3746707961315079 4 7 7 9 9 0.6243098899315747 0.6243098899315747 21
286 9 10 1.4201674280139949 4 1.4201674280139949 4 5 5 9 9 0.5960610533600044 0.5960610533600044 18
286 9 3 1.381288898478291 4 1.381288898478291 4 2 2 8 8 0.6076258209202471 0.6076258209202471 17
286 9 4 1.3991302663868546 4 1.3991302663868546 4 3 3 8 8 0.5976603915045696 0.5976603915045696 19
286 9 9 1.3667020809702535 4 1.3667020809702535 4 3 3 8 8 0.6049714468652151 0.6049714468652151 17
286 9 8 1.3790791715261626 4 1.3790791715261626 4 5 5 8 8 0.6353371612811086 0.6353371612811086 19
286 9 8 1.3693472182318294 4 1.3693472182318294 4 5 5 8 8 0.5935098749346999 0.5935098749346999 16
286 9 10 1.3023645582601284 3 1.3023645582601284 3 6 6 8 8 0.6108259750099531 0.6108259750099531 17
286 9 9 1.3312848428884199 4 1.3312848428884199 4 5 5 9 9 0.6037224430581076 0.6037224430581076 16
286 9 12 1.364679765456534 3 1.364679765456534 3 7 7 9 9 0.6117209034167077 0.6117209034167077 14
286 9 7 1.3392566341109744 3 1.3392566341109744 3 5 5 9 9 0.6123893394872417 0.6123893394872417 15
286 9 8 1.404307347700194 4 1.404307347700194 4 3 3 9 9 0.5809886745869878 0.5809886745869878 18
286 9 7 1.353376428978914 4 1.353376428978914 4 4 4 8 8 0.5767201087568221 0.5767201087568221 16
286 9 8 1.3716674354215321 3 1.3716674354215321 3 5 5 9 9 0.6205953865481838 0.6205953865481838 16
286 9 10 1.35134717330637 3 1.35134717330637 3 5 5 8 8 0.6087819814218416 0.6087819814218416 15
286 9 10 1.3540035782150377 4 1.3540035782150377 4 5 5 8 8 0.6197744951241461 0.6197744951241461 14
286 9 12 1.3400011882002245 3 1.3400011882002245 3 6 6 9 9 0.6244485409695206 0.6244485409695206 16
286 9 5 1.319086063792419 3 1.319086063792419 3 3 3 9 9 0.6157975668465174 0.6157975668465174 15
286 9 13 1.3729059743372116 4 1.3729059743372116 4 3 3 8 8 0.597053655643228 0.597053655643228 17
286 9 10 1.354707302018769 3 1.354707302018769 3 5 5 8 8 0.6230625241114752 0.6230625241114752 16
286 9 8 1.3552508273900157 3 1.3552508273900157 3 5 5 9 9 0.6289547476610411 0.6289547476610411 13
286 9 10 1.3360150353430371 4 1.3360150353430371 4 5 5 9 9 0.6107660173708092 0.6107660173708092 17
286 9 12 1.3853894113477085 3 1.3853894113477085 3 6 6 8 8 0.6333838915209752 0.6333838915209752 17
286 9 5 1.347956291278729 4 1.347956291278729 4 5 5 9 9 0.588814023427649 0.588814023427649 19
286 9 12 1.3429901317148678 3 1.3429901317148678 3 6 6 8 8 0.5987117825841599 0.5987117825841599 16
286 9 10 1.305075272819421 4 1.305075272819421 4 2 2 8 8 0.6078210057231033 0.6078210057231033 15
286 9 8 1.3378573804847316 4 1.3378573804847316 4 4 4 9 9 0.5906442819030234 0.5906442819030234 15
286 9 8 1.365246888175744 3 1.365246888175744 3 3 3 8 8 0.5874578193299915 0.5874578193299915 17
286 9 10 1.3498231545772614 4 1.3498231545772614 4 4 4 9 9 0.5900917652665907 0.5900917652665907 16
286 9 13 1.3419285734189204 3 1.3419285734189204 3 6 6 9 9 0.6067692285889527 0.6067692285889527 18
286 9 5 1.3340301262372247 3 1.3340301262372247 3 5 5 8 8 0.6168110977988605 0.6168110977988605 16
286 9 9 1.311949034620596 3 1.311949034620596 3 6 6 8 8 0.6010132447195382 0.6010132447195382 15
286 9 5 1.3710318337030638 4 1.3710318337030638 4 4 4 9 9 0.6281982004009976 0.6281982004009976 15
286 9 9 1.3583884119272305 3 1.3583884119272305 3 7 7 8 8 0.6120116177757067 0.6120116177757067 17
286 9 9 1.4227337140249545 3 1.4227337140249545 3 7 7 8 8 0.5899070289598879 0.5899070289598879 17
286 9 7 1.3637354036803269 3 1.3637354036803269 3 5 5 8 8 0.5722359419911868 0.5722359419911868 18
286 9 11 1.3471417941281736 4 1.3471417941281736 4 6 6 8 8 0.6116362575561461 0.6116362575561461 18
286 9 8 1.33758814799474 4 1.33758814799474 4 5 5 8 8 0.6129727207524411 0.6129727207524411 16
286 9 4 1.3781944841719769 4 1.3781944841719769 4 4 4 8 8 0.6010595562168993 0.6010595562168993 16
286 9 4 1.385176459798178 3 1.385176459798178 3 3 3 9 9 0.5917119011524608 0.5917119011524608 16
286 9 9 1.3403430082287 4 1.3403430082287 4 6 6 8 8 0.6142122922897296 0.6142122922897296 18
286 9 6 1.3694657874479481 4 1.3694657874479481 4 4 4 8 8 0.5882455879396441 0.5882455879396441 16
286 9 5 1.3657859034161193 3 1.3657859034161193 3 3 3 8 8 0.6199897421925397 0.6199897421925397 16
286 9 9 1.3927111189701655 3 1.3927111189701655 3 5 5 10 10 0.6024334833775393 0.6024334833775393 15
286 9 12 1.3576868794037407 3 1.3576868794037407 3 4 4 9 9 0.6047598671724544 0.6047598671724544 15
286 9 6 1.356303517896184 4 1.356303517896184 4 4 4 8 8 0.592146521265197 0.592146521265197 17
286 9 15 1.3219301594926287 4 1.3219301594926287 4 7 7 9 9 0.6136255644122774 0.6136255644122774 18
286 9 4 1.3420334425914373 3 1.3420334425914373 3 3 3 9 9 0.5620445453924471 0.5620445453924471 16
286 9 6 1.3010854197430102 4 1.3010854197430102 4 4 4 10 10 0.600922295939643 0.600922295939643 20
286 9 10 1.3712375447422005 4 1.3712375447422005 4 5 5 9 9 0.599294122509877 0.599294122509877 17
286 9 9 1.3884594661420047 3 1.3884594661420047 3 5 5 9 9 0.6074283040192131 0.6074283040192131 15
286 9 7 1.3687930514577036 3 1.3687930514577036 3 5 5 8 8 0.6113581833861551 0.6113581833861551 15
286 9 9 1.3478047679665537 3 1.3478047679665537 3 5 5 8 8 0.584534762851299 0.584534762851299 17
286 9 9 1.3516433642636128 3 1.3516433642636128 3 7 7 8 8 0.5992015577319979 0.5992015577319979 17
286 9 6 1.3423833884466114 3 1.3423833884466114 3 4 4 9 9 0.5887438698807478 0.5887438698807478 17
286 9 9 1.3388674394834206 3 1.3388674394834206 3 5 5 9 9 0.5839707252731728 0.5839707252731728 16
286 9 9 1.3877536872265601 3 1.3877536872265601 3 7 7 8 8 0.6007069853223704 0.6007069853223704 15
286 9 5 1.3431654056120097 3 1.3431654056120097 3 4 4 8 8 0.616583792424496 0.616583792424496 18
286 9 9 1.3608500231182785 3 1.3608500231182785 3 4 4 8 8 0.6080513746160597 0.6080513746160597 16
286 9 11 1.3903732333468926 3 1.3903732333468926 3 7 7 8 8 0.6267492123261353 0.6267492123261353 16
286 9 12 1.3421628532870096 3 1.3421628532870096 3 6 6 8 8 0.6043369315222465 0.6043369315222465 15
286 9 10 1.321227089396784 3 1.321227089396784 3 5 5 8 8 0.5988753681986924 0.5988753681986924 17
286 9 11 1.3229423187844735 3 1.3229423187844735 3 5 5 9 9 0.6142871794095572 0.6142871794095572 14
286 9 9 1.377288509404738 4 1.377288509404738 4 5 5 9 9 0.6084053960802216 0.6084053960802216 17
286 9 11 1.3645015692404772 3 1.3645015692404772 3 4 4 11 11 0.6033095229876388 0.6033095229876388 17
286 9 10 1.3308644891099357 3 1.3308644891099357 3 5 5 8 8 0.6002985930382063 0.6002985930382063 17
286 9 7 1.3984575760270732 4 1.3984575760270732 4 4 4 9 9 0.5783703289615143 0.5783703289615143 19
286 9 7 1.380171364912461 3 1.380171364912461 3 5 5 10 10 0.6059864691960539 0.6059864691960539 17
286 9 8 1.3678792762935892 3 1.3678792762935892 3 4 4 9 9 0.5947957128798345 0.5947957128798345 17
286 9 9 1.3708510272422285 3 1.3708510272422285 3 4 4 8 8 0.6197185535909316 0.6197185535909316 16
286 9 11 1.3314076491891789 4 1.3314076491891789 4 7 7 9 9 0.5933340831890815 0.5933340831890815 17
286 9 9 1.3219186697256677 3 1.3219186697256677 3 5 5 10 10 0.6165766197671788 0.6165766197671788 16
286 9 13 1.4030499575159945 4 1.4030499575159945 4 6 6 8 8 0.6070770635507372 0.6070770635507372 18
286 9 7 1.348840249190038 3 1.348840249190038 3 3 3 10 10 0.6078112349965498 0.6078112349965498 16
286 9 9 1.3191178901715312 3 1.3191178901715312 3 6 6 8 8 0.6259491479771199 0.6259491479771199 15
286 9 11 1.3446955134828125 4 1.3446955134828125 4 5 5 8 8 0.5835220626304546 0.5835220626304546 15
286 9 5 1.3297239798710894 3 1.3297239798710894 3 3 3 8 8 0.6062735487123599 0.6062735487123599 16
286 9 11 1.3508666271659406 3 1.3508666271659406 3 5 5 9 9 0.6151898024275646 0.6151898024275646 15
286 9 7 1.3164386808707516 3 1.3164386808707516 3 4 4 8 8 0.6023217749616346 0.6023217749616346 16
286 9 15 1.385376561673513 3 1.385376561673513 3 5 5 10 10 0.602523908686496 0.602523908686496 16
286 9 6 1.3814810836808236 4 1.3814810836808236 4 4 4 9 9 0.5874695342977835 0.5874695342977835 19
286 9 12 1.375748875740372 4 1.375748875740372 4 6 6 8 8 0.6102249828648433 0.6102249828648433 18
286 9 10 1.3846915285789925 3 1.3846915285789925 3 7 7 9 9 0.6110712810887633 0.6110712810887633 18
286 9 13 1.4131559735518904 4 1.4131559735518904 4 5 5 9 9 0.6115572752810515 0.6115572752810515 15
286 9 9 1.349826625371438 3 1.349826625371438 3 7 7 10 10 0.5926284516936511 0.5926284516936511 18
286 9 10 1.3486454275138864 4 1.3486454275138864 4 4 4 9 9 0.600234759413081 0.600234759413081 16
286 9 6 1.3365274617708138 3 1.3365274617708138 3 5 5 8 8 0.6128413824166604 0.6128413824166604 17
286 9 6 1.3725146919355213 3 1.3725146919355213 3 4 4 9 9 0.5864556840840423 0.5864556840840423 19
286 9 9 1.3216099349567212 4 1.3216099349567212 4 5 5 8 8 0.5851063563476151 0.5851063563476151 16
286 9 12 1.4002015582082052 3 1.4002015582082052 3 4 4 8 8 0.6101676541156179 0.6101676541156179 17
286 9 8 1.3894955488940397 3 1.3894955488940397 3 6 6 8 8 0.5992972353986341 0.5992972353986341 14
286 9 13 1.3461562134625915 4 1.3461562134625915 4 6 6 8 8 0.5956600486217929 0.5956600486217929 17
286 9 8 1.3467165518488091 3 1.3467165518488091 3 6 6 9 9 0.6353047787488346 0.6353047787488346 16
286 9 8 1.3087612703780256 3 1.3087612703780256 3 5 5 9 9 0.6166846839229602 0.6166846839229602 20
286 9 8 1.3244484187429808 4 1.3244484187429808 4 5 5 9 9 0.6030648341785732 0.6030648341785732 17
286 9 13 1.3455387128709662 4 1.3455387128709662 4 4 4 8 8 0.6118319520417425 0.6118319520417425 15
286 9 10 1.3859947404826674 3 1.3859947404826674 3 6 6 8 8 0.6289371564721209 0.6289371564721209 15
286 9 6 1.353112522620194 4 1.353112522620194 4 5 5 8 8 0.6054775715280655 0.6054775715280655 18
286 9 5 1.3507252919943065 3 1.3507252919943065 3 3 3 9 9 0.6072626722539314 0.6072626722539314 18
286 9 7 1.373154203975456 3 1.373154203975456 3 4 4 8 8 0.5989071728582217 0.5989071728582217 18
286 9 5 1.3740892427531004 3 1.3740892427531004 3 3 3 8 8 0.614397490621267 0.614397490621267 15
286 9 12 1.3792453458091618 5 1.3792453458091618 5 4 4 8 8 0.5896698193026865 0.5896698193026865 15
286 9 8 1.307621274170768 3 1.307621274170768 3 5 5 8 8 0.6175115725377965 0.6175115725377965 16
286 9 8 1.3475570211213652 3 1.3475570211213652 3 6 6 9 9 0.6005899507563869 0.6005899507563869 19
286 9 7 1.3288294489573875 3 1.3288294489573875 3 5 5 9 9 0.6151648953222382 0.6151648953222382 15
286 9 14 1.3406747083258637 3 1.3406747083258637 3 5 5 9 9 0.5901260475664015 0.5901260475664015 17
286 9 12 1.3504438667546035 4 1.3504438667546035 4 5 5 8 8 0.5953851195881225 0.5953851195881225 18
286 9 9 1.3775583362442232 3 1.3775583362442232 3 4 4 10 10 0.5882427133404098 0.5882427133404098 17
286 9 11 1.361693047565093 3 1.361693047565093 3 8 8 8 8 0.5994471586049132 0.5994471586049132 17
286 9 6 1.36673356431168 3 1.36673356431168 3 4 4 9 9 0.5821600408138867 0.5821600408138867 18
286 9 7 1.3197423369020977 3 1.3197423369020977 3 5 5 9 9 0.5950651641082534 0.5950651641082534 18
286 9 10 1.3856744139647195 3 1.3856744139647195 3 6 6 9 9 0.6118537008834215 0.6118537008834215 16
286 9 9 1.336089659833671 3 1.336089659833671 3 4 4 9 9 0.6412416982784119 0.6412416982784119 16
286 9 10 1.329390256162939 4 1.329390256162939 4 4 4 8 8 0.590354066097073 0.590354066097073 16
286 9 4 1.3456588163628402 4 1.3456588163628402 4 3 3 9 9 0.5639204432880957 0.5639204432880957 20
286 9 8 1.3649305407225383 3 1.3649305407225383 3 6 6 8 9 0.6090786253373665 0.6096654510990175 16
286 9 10 1.3376722484457 3 1.3376722484457 3 6 6 8 8 0.6076954656705783 0.6076954656705783 17
286 9 7 1.3285479748952431 4 1.3285479748952431 4 5 5 9 9 0.6064911196030076 0.6064911196030076 15
286 9 8 1.318951224915361 4 1.318951224915361 4 6 6 11 11 0.6073196713930981 0.6073196713930981 16
286 9 11 1.3131241106818803 3 1.3131241106818803 3 4 4 9 9 0.6123570776542812 0.6123570776542812 15
286 9 6 1.3167577516643418 4 1.3167577516643418 4 5 5 8 8 0.6027363975442793 0.6027363975442793 21
286 9 11 1.316444010276647 3 1.316444010276647 3 5 5 9 9 0.5874804197356643 0.5874804197356643 16
286 9 8 1.3580069132101424 3 1.3580069132101424 3 5 5 8 8 0.6202920461488521 0.6202920461488521 19
286 9 11 1.33299223704543 3 1.33299223704543 3 6 6 8 8 0.5929449909293596 0.5929449909293596 21
286 9 5 1.3442357564132754 4 1.3442357564132754 4 5 5 9 9 0.5971868263826302 0.5971868263826302 15
286 9 6 1.3972804676807762 4 1.3972804676807762 4 3 3 9 9 0.6024178163934117 0.6024178163934117 19
286 9 8 1.333209701368507 4 1.333209701368507 4 5 5 8 8 0.6088956478071043 0.6088956478071043 17
286 9 4 1.3312168151625623 3 1.3312168151625623 3 4 4 9 9 0.6327638998530603 0.6327638998530603 16
286 9 8 1.3802281019687004 3 1.3802281019687004 3 4 4 8 8 0.614633865551698 0.614633865551698 18
286 9 7 1.3341051322706725 3 1.3341051322706725 3 3 3 8 8 0.6176478145009613 0.6176478145009613 16
286 9 9 1.3555038256046619 4 1.3555038256046619 4 4 4 10 10 0.6072531606944561 0.6072531606944561 19
286 9 10 1.4292112095386251 3 1.4292112095386251 3 4 4 8 8 0.6301675666071138 0.6301675666071138 20
286 9 10 1.391545015007838 3 1.391545015007838 3 6 6 9 9 0.6151913112140384 0.6151913112140384 16
286 9 5 1.348058876676412 4 1.348058876676412 4 5 5 9 9 0.6161310911310915 0.6161310911310915 16
286 9 7 1.382613295800554 4 1.382613295800554 4 3 3 8 8 0.5968079707494122 0.5968079707494122 20
286 9 11 1.3240409026144937 3 1.3240409026144937 3 6 6 9 9 0.6175406444302987 0.6175406444302987 17
286 9 9 1.3253003427315668 4 1.3253003427315668 4 3 3 8 8 0.6228884412013783 0.6228884412013783 16
286 9 10 1.3882596904316784 3 1.3882596904316784 3 5 5 9 9 0.5964161857955566 0.5964161857955566 16
286 9 6 1.3478430406696762 4 1.3478430406696762 4 3 3 9 9 0.5779691947524116 0.5779691947524116 16
286 9 7 1.3315409717512978 3 1.3315409717512978 3 4 4 9 9 0.6351577036017595 0.6351577036017595 13
286 9 8 1.3253465735590422 3 1.3253465735590422 3 6 6 9 9 0.5916997566627346 0.5916997566627346 17
286 9 10 1.393374205363466 4 1.393374205363466 4 6 6 9 9 0.5817035337371618 0.5817035337371618 17
286 9 10 1.3498401546990202 4 1.3498401546990202 4 6 6 9 9 0.5916936472888644 0.5916936472888644 19
286 9 11 1.3837037636506742 3 1.3837037636506742 3 4 4 9 10 0.62222063181802 0.6227570272407791 18
286 9 11 1.3791556248286367 4 1.3791556248286367 4 7 7 9 9 0.6078305241766776 0.6078305241766776 14
286 9 9 1.3220059048402013 3 1.3220059048402013 3 5 5 9 9 0.5895919688314787 0.5895919688314787 16
286 9 5 1.324710334081223 3 1.324710334081223 3 5 5 9 9 0.5963771060284841 0.5963771060284841 18
286 9 10 1.3482007591159637 4 1.3482007591159637 4 7 7 8 8 0.6173810164194782 0.6173810164194782 16
286 9 7 1.3226309663980407 3 1.3226309663980407 3 6 6 9 9 0.5938631201743092 0.5938631201743092 18
286 9 9 1.2914143486461735 4 1.2914143486461735 4 6 6 8 8 0.6010202744031417 0.6010202744031417 16
286 9 11 1.34369106748208 3 1.34369106748208 3 10 10 10 10 0.6107085465040012 0.6107085465040012 16
286 9 11 1.3491175860180127 4 1.3491175860180127 4 4 4 10 10 0.6105055897528131 0.6105055897528131 17
286 9 5 1.3645180222490365 3 1.3645180222490365 3 4 4 8 8 0.6145946185989535 0.6145946185989535 19
286 9 11 1.3305995658881393 4 1.3305995658881393 4 6 6 8 8 0.6019868842935484 0.6019868842935484 18
286 9 9 1.3698746099560302 3 1.3698746099560302 3 4 4 8 9 0.6037285849348779 0.6042114354177285 15
286 9 6 1.3388860281565973 4 1.3388860281565973 4 5 5 9 9 0.5991997949602845 0.5991997949602845 18
286 9 7 1.2974624420539964 4 1.2974624420539964 4 5 5 9 9 0.6255000972221254 0.6255000972221254 16
286 9 13 1.3389062373263314 3 1.3389062373263314 3 7 7 9 9 0.6001993903988967 0.6001993903988967 18
286 9 8 1.3362833670102217 4 1.3362833670102217 4 5 5 9 9 0.5937545263594215 0.5937545263594215 15
286 9 3 1.3880512877455646 3 1.3880512877455646 3 3 3 8 8 0.6094895489126263 0.6094895489126263 15
286 9 13 1.3178353313840616 3 1.3178353313840616 3 5 5 9 9 0.6004962888704147 0.6004962888704147 15
286 9 14 1.3553619742802183 3 1.3553619742802183 3 5 5 9 9 0.5992196420518098 0.5992196420518098 15
286 9 12 1.3308394063851996 4 1.3308394063851996 4 5 5 8 8 0.5969626381776725 0.5969626381776725 16
286 9 8 1.326606908783934 3 1.326606908783934 3 6 6 9 9 0.5930249736449531 0.5930249736449531 19
286 9 10 1.337322358819909 3 1.337322358819909 3 5 5 8 8 0.609682091412861 0.609682091412861 15
286 9 10 1.3481832544185248 4 1.3481832544185248 4 4 4 8 8 0.5963513784201611 0.5963513784201611 19
286 9 9 1.3142359861016184 3 1.3142359861016184 3 7 7 9 9 0.610571683561194 0.610571683561194 16
286 9 11 1.3300169223268503 4 1.3300169223268503 4 7 7 8 8 0.622260135940205 0.622260135940205 16
286 9 4 1.3097186976593798 4 1.3097186976593798 4 2 2 9 9 0.5924567856386038 0.5924567856386038 16
286 9 8 1.3676061253214706 4 1.3676061253214706 4 6 6 8 8 0.6132843643963715 0.6132843643963715 19
286 9 8 1.3791612126090256 3 1.3791612126090256 3 4 4 10 10 0.5982392267794364 0.5982392267794364 16
286 9 7 1.379721246455371 4 1.379721246455371 4 4 4 10 10 0.5998022347762008 0.5998022347762008 19
286 9 11 1.3405277030978182 4 1.3405277030978182 4 4 4 8 8 0.599557222109669 0.599557222109669 16
286 9 7 1.3476708941210853 4 1.3476708941210853 4 3 3 9 10 0.6069086559265496 0.6075080565259502 17
286 9 6 1.326352393327344 3 1.326352393327344 3 5 5 9 9 0.6289841180575443 0.6289841180575443 16
286 9 10 1.3673278407097667 3 1.3673278407097667 3 4 4 9 9 0.5975140669582262 0.5975140669582262 17
286 9 13 1.3468557535895263 3 1.3468557535895263 3 5 5 8 8 0.5944267950386832 0.5944267950386832 15
286 9 7 1.3508553459966093 3 1.3508553459966093 3 5 5 9 9 0.6423696510080712 0.6423696510080712 17
286 9 7 1.364241089652065 4 1.364241089652065 4 5 5 9 9 0.5936117104592012 0.5936117104592012 17
286 9 12 1.373505309196449 3 1.373505309196449 3 6 6 9 9 0.6120274878579077 0.6120274878579077 16
286 9 11 1.3519831415773138 4 1.3519831415773138 4 5 5 8 8 0.6079250392187454 0.6079250392187454 16
286 9 13 1.3581238014990713 3 1.3581238014990713 3 4 4 9 9 0.6025392924868452 0.6025392924868452 16
286 9 7 1.355950783407913 3 1.355950783407913 3 5 5 8 8 0.6217195683104773 0.6217195683104773 15
286 9 10 1.3770959459810213 5 1.3770959459810213 5 5 5 9 9 0.6083468987135175 0.6083468987135175 18
286 9 7 1.3568520088160334 4 1.3568520088160334 4 6 6 9 9 0.5938376324926694 0.5938376324926694 19
286 9 10 1.362765544714998 3 1.362765544714998 3 6 6 9 9 0.6035184366915142 0.6035184366915142 18
286 9 7 1.3059195616964898 3 1.3059195616964898 3 5 5 8 8 0.6048960848786025 0.6048960848786025 15
286 9 11 1.3532545253630508 3 1.3532545253630508 3 6 6 8 8 0.6108311334787062 0.6108311334787062 17
286 9 10 1.3321470907925697 4 1.3321470907925697 4 6 6 8 8 0.6163161961444562 0.6163161961444562 17
286 9 12 1.344638401190902 3 1.344638401190902 3 8 8 8 8 0.6154650904650908 0.6154650904650908 13
286 9 7 1.3495284494647464 3 1.3495284494647464 3 6 6 10 10 0.6030683622903897 0.6030683622903897 16
286 9 9 1.3635534021893077 4 1.3635534021893077 4 6 6 8 8 0.5910682771568209 0.5910682771568209 17
286 9 8 1.337711974729247 3 1.337711974729247 3 5 5 9 9 0.6121988556943309 0.6121988556943309 18
286 9 5 1.342659207113826 4 1.342659207113826 4 5 5 8 8 0.5820634613569617 0.5820634613569617 17
286 9 10 1.34040006708626 4 1.34040006708626 4 6 6 8 8 0.6196514278604981 0.6196514278604981 17
286 9 10 1.3676018517825332 4 1.3676018517825332 4 5 5 9 9 0.5924949775988443 0.5924949775988443 17
286 9 3 1.336766934956011 3 1.336766934956011 3 2 2 9 9 0.5961583239992329 0.5961583239992329 16
286 9 11 1.3569514981130293 3 1.3569514981130293 3 7 7 9 9 0.6161985838559264 0.6161985838559264 15
286 9 8 1.3619980026668523 4 1.3619980026668523 4 4 4 9 9 0.6149851870671496 0.6149851870671496 17
286 9 6 1.353519768322668 3 1.353519768322668 3 4 4 9 9 0.581906329535906 0.581906329535906 17
286 9 10 1.3687612282189765 3 1.3687612282189765 3 5 5 9 9 0.6286751079146184 0.6286751079146184 16
286 9 11 1.3188903840928492 3 1.3188903840928492 3 4 4 9 9 0.608945818167846 0.608945818167846 16
286 9 7 1.345941967836982 4 1.345941967836982 4 4 4 8 8 0.6158968314125657 0.6158968314125657 16
286 9 10 1.3522290964993835 3 1.3522290964993835 3 6 6 9 9 0.5945730294660779 0.5945730294660779 18
286 9 11 1.3553306929669093 4 1.3553306929669093 4 5 5 9 9 0.6013117321683756 0.6013117321683756 18
286 9 9 1.3537900065751722 4 1.3537900065751722 4 6 6 8 8 0.6039077860756179 0.6039077860756179 16
286 9 9 1.3535167333743483 4 1.3535167333743483 4 3 3 11 11 0.5950261368504892 0.5950261368504892 20
286 9 11 1.353013512468442 3 1.353013512468442 3 6 6 8 8 0.6051102258270092 0.6051102258270092 15
286 9 5 1.3861418167325656 3 1.3861418167325656 3 4 4 8 8 0.6042251551866941 0.6042251551866941 15
286 9 7 1.3492864693603703 4 1.3492864693603703 4 3 3 8 8 0.6215791589917466 0.6215791589917466 14
286 9 9 1.3712070081576335 3 1.3712070081576335 3 5 5 8 8 0.6293944837214065 0.6293944837214065 16
286 9 7 1.3645485301156606 4 1.3645485301156606 4 6 6 9 9 0.5751132235107047 0.5751132235107047 19
286 9 13 1.3648565136037327 3 1.3648565136037327 3 6 6 9 9 0.6056032454222496 0.6056032454222496 17
286 9 14 1.39438377932129 3 1.39438377932129 3 6 6 9 9 0.6104356941563857 0.6104356941563857 17
286 9 7 1.3740555755858617 3 1.3740555755858617 3 5 5 10 10 0.6142203173671706 0.6142203173671706 16
286 9 8 1.3597904250052462 4 1.3597904250052462 4 5 5 9 9 0.5873405323708696 0.5873405323708696 18
286 9 10 1.3463874830264506 3 1.3463874830264506 3 5 5 9 9 0.6043502045114981 0.6043502045114981 19
286 9 12 1.3688787051165414 3 1.3688787051165414 3 7 7 9 9 0.5947020536824117 0.5947020536824117 17
286 9 7 1.3731521595121672 4 1.3731521595121672 4 3 3 8 8 0.6106852452132174 0.6106852452132174 15
286 9 9 1.379495988115103 4 1.379495988115103 4 5 5 9 9 0.6029066310534841 0.6029066310534841 15
286 9 4 1.360908231408182 3 1.360908231408182 3 3 3 8 8 0.6081079291383694 0.6081079291383694 17
286 9 17 1.3512968764341389 4 1.3512968764341389 4 5 5 8 8 0.5968452168061382 0.5968452168061382 18
286 9 10 1.3213736078749168 4 1.3213736078749168 4 7 7 8 8 0.5958167948989628 0.5958167948989628 16
286 9 10 1.3902114617382126 3 1.3902114617382126 3 6 6 8 8 0.5732591806018376 0.5732591806018376 15
286 9 11 1.36389196637615 4 1.36389196637615 4 5 5 9 9 0.5944960166204668 0.5944960166204668 19
286 9 9 1.3259032532568165 3 1.3259032532568165 3 6 6 9 9 0.6012835928868421 0.6012835928868421 17
286 9 7 1.3320391349220888 3 1.3320391349220888 3 3 3 9 9 0.6110309988645464 0.6110309988645464 19
286 9 9 1.309937855794583 4 1.309937855794583 4 5 5 9 9 0.5799141420876304 0.5799141420876304 18
286 9 10 1.352321077379307 4 1.352321077379307 4 5 5 9 9 0.5799045334550269 0.5799045334550269 17
286 9 16 1.3462383150364912 4 1.3462383150364912 4 5 5 8 8 0.6078173526163037 0.6078173526163037 16
286 9 11 1.344354021425101 3 1.344354021425101 3 5 5 8 8 0.6028371492532331 0.6028371492532331 15
286 9 16 1.331541277246559 4 1.331541277246559 4 6 6 8 8 0.614291109046354 0.614291109046354 16
286 9 11 1.3401237924409943 4 1.3401237924409943 4 4 4 8 8 0.5994164925983109 0.5994164925983109 16
286 9 8 1.3674627678843596 4 1.3674627678843596 4 5 5 9 9 0.5793753403387192 0.5793753403387192 19
286 9 4 1.339119886784697 4 1.339119886784697 4 4 4 8 8 0.6085242765826887 0.6085242765826887 17
286 9 7 1.3479565743557806 3 1.3479565743557806 3 5 5 8 8 0.596471991489474 0.596471991489474 15
286 9 12 1.3951875226701138 4 1.3951875226701138 4 5 5 8 8 0.5839940120097464 0.5839940120097464 16
286 9 10 1.3411630253002256 3 1.3411630253002256 3 5 5 8 8 0.6311133020049103 0.6311133020049103 14
286 9 9 1.3658656456054565 3 1.3658656456054565 3 4 4 9 9 0.5838241013066191 0.5838241013066191 15
286 9 8 1.3013563995366373 4 1.3013563995366373 4 3 3 9 9 0.5938839018744406 0.5938839018744406 17
286 9 6 1.3878513404904027 4 1.3878513404904027 4 5 5 8 8 0.6092226101404423 0.6092226101404423 16
286 9 13 1.357995755997524 3 1.357995755997524 3 4 4 8 8 0.6031243934318798 0.6031243934318798 17
286 9 9 1.3776651904815687 4 1.3776651904815687 4 5 5 8 8 0.6114245311797762 0.6114245311797762 14
286 9 4 1.3311340747105695 4 1.3311340747105695 4 3 3 9 9 0.5811269743412679 0.5811269743412679 20
286 9 7 1.3369979796781062 3 1.3369979796781062 3 5 5 9 9 0.599243994955636 0.599243994955636 17
286 9 12 1.3538081753534463 4 1.3538081753534463 4 4 4 10 10 0.6015865324971661 0.6015865324971661 17
286 9 6 1.3020743237020738 4 1.3020743237020738 4 5 5 9 9 0.6041431093930063 0.6041431093930063 17
286 9 7 1.3899956604121517 3 1.3899956604121517 3 6 6 9 9 0.586100137236501 0.586100137236501 16
286 9 12 1.378508094214365 3 1.378508094214365 3 6 6 8 8 0.6019600663060142 0.6019600663060142 17
286 9 4 1.3508806755663252 4 1.3508806755663252 4 4 4 8 8 0.5983596580187486 0.5983596580187486 16
286 9 8 1.3479341654072903 3 1.3479341654072903 3 4 4 10 10 0.5993798887592593 0.5993798887592593 16
286 9 13 1.317772221277216 3 1.317772221277216 3 6 6 9 9 0.6016427068977457 0.6016427068977457 17
286 9 9 1.3327265584487307 3 1.3327265584487307 3 6 6 9 9 0.6254861300315846 0.6254861300315846 16
286 9 10 1.3266441446522639 4 1.3266441446522639 4 6 6 8 8 0.6202931004504432 0.6202931004504432 15
286 9 8 1.3411738535644615 3 1.3411738535644615 3 5 5 10 10 0.6083573865916524 0.6083573865916524 16
286 9 6 1.35784302724806 4 1.35784302724806 4 3 3 8 8 0.592634769077077 0.592634769077077 16
286 9 12 1.3653265227124693 3 1.3653265227124693 3 4 4 9 9 0.6088954557486025 0.6088954557486025 16
286 9 6 1.3607610057395743 3 1.3607610057395743 3 5 5 8 8 0.612214310553471 0.612214310553471 15
286 9 7 1.3490539956211334 4 1.3490539956211334 4 5 5 8 8 0.6098725928991248 0.6098725928991248 17
286 9 8 1.3333598439791088 4 1.3333598439791088 4 3 3 8 8 0.5994309395070399 0.5994309395070399 18
286 9 10 1.3447651325917456 3 1.3447651325917456 3 4 4 8 8 0.5895797920641496 0.5895797920641496 22
286 9 13 1.3256135986111988 4 1.3256135986111988 4 5 5 8 8 0.5904423038586477 0.5904423038586477 20
286 9 8 1.3248675038283184 3 1.3248675038283184 3 4 4 8 8 0.6036659969789337 0.6036659969789337 16
286 9 7 1.331671792780772 3 1.331671792780772 3 4 4 9 9 0.61816685645357 0.61816685645357 14
286 9 7 1.366955928975966 3 1.366955928975966 3 4 4 8 8 0.6098475145677943 0.6098475145677943 18
286 9 13 1.3410855364681562 4 1.3410855364681562 4 7 7 9 9 0.6079734174139775 0.6079734174139775 14
286 9 12 1.3251445314956032 4 1.3251445314956032 4 4 4 9 9 0.5717743560658003 0.5717743560658003 20
286 9 9 1.3444694841389275 3 1.3444694841389275 3 4 4 9 9 0.6059967544567504 0.6059967544567504 18
286 9 9 1.31647457039566 3 1.31647457039566 3 5 5 9 9 0.5795653258939973 0.5795653258939973 15
286 9 4 1.3730308964140743 4 1.3730308964140743 4 2 2 8 8 0.5888940351164853 0.5888940351164853 21
286 9 5 1.3350340016823352 4 1.3350340016823352 4 4 4 10 10 0.578202095056622 0.578202095056622 19
286 9 9 1.3132680744125347 4 1.3132680744125347 4 4 4 9 9 0.5849375994223796 0.5849375994223796 17
286 9 7 1.3323913033320547 4 1.3323913033320547 4 5 5 9 9 0.6152230830552508 0.6152230830552508 15
286 9 9 1.336944870456843 3 1.336944870456843 3 5 5 9 9 0.6058845920516179 0.6058845920516179 19
286 9 12 1.3342716755199675 3 1.3342716755199675 3 4 4 9 9 0.5897683513068124 0.5897683513068124 18
286 9 7 1.3377007416886146 3 1.3377007416886146 3 5 5 9 9 0.568724886281962 0.568724886281962 18
286 9 7 1.3527984748513826 3 1.3527984748513826 3 4 4 8 8 0.6288226536478284 0.6288226536478284 15
286 9 10 1.3607930298295534 3 1.3607930298295534 3 5 5 9 9 0.5905947151139456 0.5905947151139456 16
286 9 10 1.3812572092176167 3 1.3812572092176167 3 7 7 8 8 0.5960400564858602 0.5960400564858602 16
286 9 4 1.2898650842799757 3 1.2898650842799757 3 3 3 10 10 0.6124678254923008 0.6124678254923008 16
286 9 6 1.3275784927700396 4 1.3275784927700396 4 4 4 9 9 0.6254961941253595 0.6254961941253595 18
286 9 6 1.3430455972541258 3 1.3430455972541258 3 4 4 9 9 0.6485853986728105 0.6485853986728105 13
286 9 11 1.3706988987898987 4 1.3706988987898987 4 4 4 8 8 0.5734504159867881 0.5734504159867881 19
286 9 9 1.3375258214867949 3 1.3375258214867949 3 6 6 8 8 0.6186725102449084 0.6186725102449084 17
286 9 8 1.4032873023063157 3 1.4032873023063157 3 5 5 9 9 0.6104457217219457 0.6104457217219457 14
286 9 13 1.3465140631525854 3 1.3465140631525854 3 4 4 9 9 0.5844485663440118 0.5844485663440118 19
286 9 7 1.3715912178814753 4 1.3715912178814753 4 4 4 9 9 0.5806460818878552 0.5806460818878552 18
286 9 8 1.355678894621217 3 1.355678894621217 3 3 3 9 9 0.6106734366118365 0.6106734366118365 17
286 9 9 1.3713695403024035 4 1.3713695403024035 4 5 5 9 9 0.6047816491178275 0.6047816491178275 17
286 9 11 1.343627461311526 4 1.343627461311526 4 5 5 9 9 0.6066525160930752 0.6066525160930752 15
286 9 8 1.3420134565725115 4 1.3420134565725115 4 4 4 9 9 0.599046122460247 0.599046122460247 20
286 9 17 1.328812855443721 4 1.328812855443721 4 4 4 8 8 0.5906650631075006 0.5906650631075006 19
286 9 15 1.3297317205330037 3 1.3297317205330037 3 6 6 8 8 0.6011951869032288 0.6011951869032288 16
286 9 2 1.350764649384113 4 1.350764649384113 4 2 2 8 8 0.5706731063168742 0.5706731063168742 17
286 9 17 1.3350208856805459 3 1.3350208856805459 3 6 6 9 9 0.5878285578743206 0.5878285578743206 18
286 9 5 1.3279550357677259 4 1.3279550357677259 4 3 3 9 9 0.5877116662970712 0.5877116662970712 21
286 9 8 1.360126950756041 3 1.360126950756041 3 5 5 8 8 0.5922712291593406 0.5922712291593406 15
286 9 6 1.3425975775680974 3 1.3425975775680974 3 3 3 8 8 0.6221335579727187 0.6221335579727187 14
286 9 10 1.344092490136237 3 1.344092490136237 3 6 6 9 9 0.6101224338986576 0.6101224338986576 18
286 9 13 1.3237918331415068 3 1.3237918331415068 3 6 6 8 8 0.5929093099984706 0.5929093099984706 16
286 9 7 1.3649767442639473 3 1.3649767442639473 3 5 5 8 8 0.5782014854920475 0.5782014854920475 19
286 9 15 1.3123490543911338 4 1.3123490543911338 4 4 4 8 8 0.5867292429792431 0.5867292429792431 16
286 9 8 1.3615552991558098 3 1.3615552991558098 3 4 4 8 8 0.6226186035729427 0.6226186035729427 17
286 9 10 1.3677067709942459 4 1.3677067709942459 4 5 5 10 10 0.5918828828742442 0.5918828828742442 17
286 9 5 1.365417592499656 4 1.365417592499656 4 3 3 9 9 0.6081095817546869 0.6081095817546869 18
286 9 7 1.3423467173956272 3 1.3423467173956272 3 5 5 9 9 0.6120087614405799 0.6120087614405799 16
286 9 8 1.3367385207621911 4 1.3367385207621911 4 4 4 9 9 0.6049803683107882 0.6049803683107882 18
286 9 11 1.3631537887661564 3 1.3631537887661564 3 6 6 9 9 0.616202986361871 0.616202986361871 17
286 9 6 1.359047230472837 4 1.359047230472837 4 5 5 10 10 0.6026748212937022 0.6026748212937022 15
286 9 8 1.3786701925837843 3 1.3786701925837843 3 3 3 8 8 0.6165717926207439 0.6165717926207439 14
286 9 14 1.318494098131757 4 1.318494098131757 4 5 5 8 8 0.6094206104695618 0.6094206104695618 16
286 9 11 1.3644889744969169 4 1.3644889744969169 4 7 7 8 8 0.5706559955670946 0.5706559955670946 20
286 9 10 1.337333176725013 3 1.337333176725013 3 7 7 9 9 0.6234798224308715 0.6234798224308715 15
286 9 7 1.3126938190124733 3 1.3126938190124733 3 5 5 8 8 0.5932538566716888 0.5932538566716888 16
286 9 8 1.327617991043969 3 1.327617991043969 3 5 5 10 10 0.5990640284346581 0.5990640284346581 15
286 9 11 1.276538741471728 3 1.276538741471728 3 6 6 9 9 0.5945073283359995 0.5945073283359995 17
286 9 10 1.388992395060175 4 1.388992395060175 4 5 5 8 8 0.6222086091841338 0.6222086091841338 16
286 9 7 1.3886128902460697 3 1.3886128902460697 3 4 4 9 9 0.5900071282527064 0.5900071282527064 17
286 9 14 1.349876083808003 3 1.349876083808003 3 6 6 8 8 0.5896641222981097 0.5896641222981097 19
286 9 10 1.367237491771309 4 1.367237491771309 4 6 6 9 9 0.575333698394384 0.575333698394384 21
286 9 4 1.3580599692458533 4 1.3580599692458533 4 3 3 9 9 0.6000965089688868 0.6000965089688868 16
286 9 6 1.3085381212904623 3 1.3085381212904623 3 4 4 8 8 0.6026337687176848 0.6026337687176848 16
286 9 6 1.325135299094589 3 1.325135299094589 3 4 4 9 9 0.6058624827341407 0.6058624827341407 17
286 9 11 1.3681801482919436 4 1.3681801482919436 4 4 4 8 8 0.6101023216922026 0.6101023216922026 17
286 9 10 1.3703555107543037 3 1.3703555107543037 3 7 7 9 9 0.5980339870148593 0.5980339870148593 17
286 9 9 1.3636269950608777 4 1.3636269950608777 4 6 6 8 8 0.6190593509277339 0.6190593509277339 19
286 9 7 1.3491858045471334 4 1.3491858045471334 4 6 6 10 10 0.5964828537818051 0.5964828537818051 18
286 9 8 1.3713946797011096 3 1.3713946797011096 3 4 4 9 9 0.5907858555585829 0.5907858555585829 16
286 9 11 1.3108968948836355 3 1.3108968948836355 3 5 5 9 9 0.6087612562262916 0.6087612562262916 14
286 9 6 1.3682159101223055 4 1.3682159101223055 4 4 4 9 9 0.5972811838517151 0.5972811838517151 19
286 9 8 1.3490555958305541 4 1.3490555958305541 4 4 4 8 8 0.6250736240426699 0.6250736240426699 17
286 9 7 1.386807469771271 4 1.386807469771271 4 3 3 8 8 0.6011816469215686 0.6011816469215686 17
286 9 6 1.338850183486901 4 1.338850183486901 4 3 3 11 11 0.6111009619750876 0.6111009619750876 15
286 9 11 1.3688379785375249 3 1.3688379785375249 3 5 5 9 9 0.6165251366737383 0.6165251366737383 16
286 9 5 1.3567431000525514 4 1.3567431000525514 4 4 4 8 8 0.6237455143923673 0.6237455143923673 13
286 9 11 1.3481055355978997 4 1.3481055355978997 4 4 4 8 8 0.6176861708381658 0.6176861708381658 17
286 9 5 1.3651581655923442 3 1.3651581655923442 3 4 4 10 10 0.636985649354531 0.636985649354531 16
286 9 6 1.3614691556021856 3 1.3614691556021856 3 4 4 9 9 0.5887201165533127 0.5887201165533127 17
286 9 9 1.352620151389746 3 1.352620151389746 3 4 4 8 8 0.5997730939877606 0.5997730939877606 20
286 9 9 1.3401766503105355 4 1.3401766503105355 4 3 3 10 10 0.5723199720088861 0.5723199720088861 18
286 9 6 1.347394957325805 4 1.347394957325805 4 3 3 8 8 0.595862539923626 0.595862539923626 18
286 9 12 1.3506553723946533 3 1.3506553723946533 3 5 5 9 9 0.6257467280194549 0.6257467280194549 13
286 9 7 1.3252033262293452 4 1.3252033262293452 4 4 4 8 8 0.5861279540423926 0.5861279540423926 17
286 9 7 1.361256324768865 3 1.361256324768865 3 5 5 8 8 0.6040769555353654 0.6040769555353654 19
286 9 12 1.3635730335941116 3 1.3635730335941116 3 7 7 9 9 0.6168782945880851 0.6168782945880851 16
286 9 6 1.3277602751854225 3 1.3277602751854225 3 5 5 8 8 0.6339794238395636 0.6339794238395636 14
286 9 11 1.3181775531323312 4 1.3181775531323312 4 4 4 8 8 0.6000975193224699 0.6000975193224699 21
286 9 9 1.335885767414519 3 1.335885767414519 3 7 7 9 9 0.6174559997112447 0.6174559997112447 16
286 9 3 1.349193089567249 3 1.349193089567249 3 2 2 9 9 0.6356267760988038 0.6356267760988038 15
286 9 8 1.3601230862862241 4 1.3601230862862241 4 3 3 8 8 0.611339147335137 0.611339147335137 17
286 9 13 1.343261549043152 3 1.343261549043152 3 7 7 9 9 0.5824913157595178 0.5824913157595178 17
286 9 8 1.332888177922825 3 1.332888177922825 3 4 4 9 9 0.6110866263632616 0.6110866263632616 17
286 9 9 1.3694465128853108 4 1.3694465128853108 4 6 6 9 9 0.5869701200120786 0.5869701200120786 15
286 9 11 1.3229854988877183 4 1.3229854988877183 4 8 8 10 10 0.5944043895452781 0.5944043895452781 17
286 9 11 1.352917337136 4 1.352917337136 4 5 5 8 8 0.6001520794823858 0.6001520794823858 19
286 9 4 1.3300316795777138 4 1.3300316795777138 4 3 3 8 8 0.5959647635153436 0.5959647635153436 19
286 9 6 1.3335349214768903 3 1.3335349214768903 3 4 4 10 10 0.5982918839125134 0.5982918839125134 16
286 9 5 1.3342542740094843 4 1.3342542740094843 4 3 3 8 8 0.5798659610876803 0.5798659610876803 17
286 9 12 1.3572685667222315 3 1.3572685667222315 3 6 6 8 8 0.6160667081558688 0.6160667081558688 16
286 9 8 1.3756523247963302 3 1.3756523247963302 3 4 4 9 9 0.6199038432430041 0.6199038432430041 15
286 9 13 1.3623951268520147 3 1.3623951268520147 3 5 5 9 9 0.5785034352959072 0.5785034352959072 17
286 9 10 1.3426182834118983 3 1.3426182834118983 3 4 4 9 9 0.587237623830076 0.587237623830076 17
286 9 6 1.3697917764304646 3 1.3697917764304646 3 3 3 9 9 0.59397110026413 0.59397110026413 19
286 9 9 1.3539017901424106 4 1.3539017901424106 4 5 5 8 8 0.6138776433356853 0.6138776433356853 16
286 9 8 1.3242213053090488 4 1.3242213053090488 4 7 7 9 9 0.6120849127790713 0.6120849127790713 17
286 9 14 1.3197341813404388 4 1.3197341813404388 4 6 6 8 8 0.5812391822264301 0.5812391822264301 17
286 9 9 1.3411449195954366 4 1.3411449195954366 4 6 6 8 8 0.620885951940559 0.620885951940559 18
286 9 10 1.3431024499917632 4 1.3431024499917632 4 5 5 9 9 0.6053945326235535 0.6053945326235535 16
286 9 10 1.340268026735075 3 1.340268026735075 3 6 6 9 9 0.6318339779878239 0.6318339779878239 16
286 9 7 1.3305430541559766 3 1.3305430541559766 3 4 4 10 10 0.5903811937182977 0.5903811937182977 17
286 9 4 1.3441942293455647 3 1.3441942293455647 3 2 2 9 9 0.6186187064683563 0.6186187064683563 15
286 9 8 1.3280057068470357 3 1.3280057068470357 3 4 4 7 7 0.6266860895743044 0.6266860895743044 17
286 9 5 1.3242165960161154 4 1.3242165960161154 4 3 3 9 9 0.6163720250740432 0.6163720250740432 19
286 9 7 1.3504518854475238 3 1.3504518854475238 3 4 4 9 9 0.6122357537567324 0.6122357537567324 15
286 9 11 1.3428803817846333 3 1.3428803817846333 3 5 5 9 9 0.6241732552150078 0.6241732552150078 17
286 9 12 1.3361434995059411 3 1.3361434995059411 3 6 6 8 8 0.590985466839025 0.590985466839025 17
286 9 15 1.3448913333812156 4 1.3448913333812156 4 5 5 8 8 0.588620092029183 0.588620092029183 16
286 9 11 1.3699285344477943 4 1.3699285344477943 4 5 5 8 8 0.6097290043941307 0.6097290043941307 19
286 9 6 1.3202600928890644 5 1.3202600928890644 5 4 4 9 9 0.5940789882223447 0.5940789882223447 15
286 9 13 1.3494246341675817 4 1.3494246341675817 4 7 7 9 9 0.6186439046578905 0.6186439046578905 15
286 9 6 1.3268460779946076 4 1.3268460779946076 4 4 4 9 9 0.5834537548698389 0.5834537548698389 16
286 9 10 1.354889057485044 3 1.354889057485044 3 6 6 10 10 0.6248166848691324 0.6248166848691324 15
286 9 9 1.3341475698651895 3 1.3341475698651895 3 5 5 9 9 0.6017668686259964 0.6017668686259964 19
286 9 9 1.3665654707340291 3 1.3665654707340291 3 3 3 8 8 0.5968906676074511 0.5968906676074511 15
286 9 8 1.3742545134485196 3 1.3742545134485196 3 5 5 8 8 0.5951763853861753 0.5951763853861753 15
286 9 11 1.334404386560607 4 1.334404386560607 4 5 5 8 8 0.5949127173160492 0.5949127173160492 17
286 9 8 1.346927438183712 4 1.346927438183712 4 7 7 8 8 0.5915739997239381 0.5915739997239381 17
286 9 9 1.3496210647884237 4 1.3496210647884237 4 5 5 9 9 0.5921117053110057 0.5921117053110057 15
286 9 7 1.3423242100341315 4 1.3423242100341315 4 4 4 8 8 0.6087144013717443 0.6087144013717443 16
286 9 17 1.3681650042605704 3 1.3681650042605704 3 6 6 8 8 0.5769040271289189 0.5769040271289189 21
286 9 9 1.350659991105082 3 1.350659991105082 3 6 6 10 10 0.6228705868951647 0.6228705868951647 17
286 9 5 1.3467193659743932 3 1.3467193659743932 3 5 5 8 8 0.6010506296345458 0.6010506296345458 16
286 9 17 1.3931394977558473 3 1.3931394977558473 3 5 5 8 8 0.6108358653093329 0.6108358653093329 17
286 9 11 1.3763292410382066 3 1.3763292410382066 3 5 5 9 9 0.5771508115039587 0.5771508115039587 15
286 9 5 1.323411531236307 4 1.323411531236307 4 4 4 9 9 0.6047127554789009 0.6047127554789009 17
286 9 9 1.3465643096721294 4 1.3465643096721294 4 5 5 8 8 0.601387955136412 0.601387955136412 17
286 9 9 1.3496527875929503 5 1.3496527875929503 5 4 4 8 8 0.5780569797563836 0.5780569797563836 18
286 9 8 1.305604544601937 4 1.305604544601937 4 5 5 9 9 0.6255223554611671 0.6255223554611671 16
286 9 10 1.3525374349037336 4 1.3525374349037336 4 6 6 8 8 0.5965715768189032 0.5965715768189032 17
286 9 8 1.4014374751856138 3 1.4014374751856138 3 5 5 9 9 0.6068221211577854 0.6068221211577854 14
286 9 3 1.3453490251961278 4 1.3453490251961278 4 3 3 8 8 0.6145311476725617 0.6145311476725617 19
286 9 10 1.3471976374821004 3 1.3471976374821004 3 4 4 8 8 0.6182014223276753 0.6182014223276753 21
286 9 8 1.3215783552272966 3 1.3215783552272966 3 5 5 9 9 0.603109801266424 0.603109801266424 17
286 9 4 1.3267863555299173 3 1.3267863555299173 3 3 3 8 8 0.6197873681805186 0.6197873681805186 18
286 9 10 1.3762117551291762 4 1.3762117551291762 4 3 3 9 9 0.5755368585891006 0.5755368585891006 17
286 9 9 1.3403793796138344 3 1.3403793796138344 3 5 5 8 8 0.628428486820095 0.628428486820095 16
286 9 9 1.3453911335213093 4 1.3453911335213093 4 7 7 9 9 0.6118541730165978 0.6118541730165978 19
286 9 11 1.3571154631064268 3 1.3571154631064268 3 6 6 10 10 0.6005872872157323 0.6005872872157323 17
286 9 8 1.3233535111428936 3 1.3233535111428936 3 4 4 9 9 0.6143927556514971 0.6143927556514971 15
286 9 18 1.3670821827445447 4 1.3670821827445447 4 7 7 9 9 0.6219905374574238 0.6219905374574238 18
286 9 5 1.3585491121039552 3 1.3585491121039552 3 5 5 8 8 0.602392081500473 0.602392081500473 14
286 9 9 1.3295641194862005 3 1.3295641194862005 3 6 6 8 8 0.5982111031936207 0.5982111031936207 15
286 9 10 1.3168737739278662 3 1.3168737739278662 3 8 8 9 9 0.642982590447626 0.642982590447626 13
286 9 9 1.360913162664485 3 1.360913162664485 3 6 6 8 8 0.6066484506169818 0.6066484506169818 15
286 9 6 1.3546034768842754 4 1.3546034768842754 4 2 2 9 9 0.549064990274207 0.549064990274207 19
286 9 9 1.3112164456250368 4 1.3112164456250368 4 6 6 9 9 0.5931634507683455 0.5931634507683455 16
286 9 8 1.3223649184326516 3 1.3223649184326516 3 6 6 8 8 0.5917883164643759 0.5917883164643759 17
286 9 10 1.3574337832799506 3 1.3574337832799506 3 4 4 9 9 0.6172543656809393 0.6172543656809393 15
286 9 9 1.346114227553663 4 1.346114227553663 4 5 5 8 8 0.6014179288192042 0.6014179288192042 18
286 9 2 1.3510737314850862 3 1.3510737314850862 3 2 2 8 8 0.6029426381699108 0.6029426381699108 16
286 9 9 1.3651439223234172 3 1.3651439223234172 3 3 3 9 9 0.5870884414616422 0.5870884414616422 17
286 9 10 1.3457333409024634 4 1.3457333409024634 4 4 4 9 9 0.583663149433409 0.583663149433409 17
286 9 10 1.3050503541641212 4 1.3050503541641212 4 5 5 8 8 0.591537929824643 0.591537929824643 15
286 9 5 1.3393454511465637 3 1.3393454511465637 3 3 3 10 10 0.6278683825886618 0.6278683825886618 15
286 9 6 1.3638367405895364 4 1.3638367405895364 4 3 3 8 8 0.6321005666028287 0.6321005666028287 18
286 9 14 1.3281442412259623 4 1.3281442412259623 4 6 6 9 9 0.6149925346603667 0.6149925346603667 16
286 9 7 1.3065286119023618 3 1.3065286119023618 3 4 4 9 9 0.6083793372396992 0.6083793372396992 19
286 9 6 1.3279994310309975 3 1.3279994310309975 3 3 3 8 8 0.6209141120245493 0.6209141120245493 20
286 9 5 1.379825909390734 4 1.379825909390734 4 3 3 8 8 0.5919066607440735 0.5919066607440735 16
286 9 12 1.340581463025125 4 1.340581463025125 4 7 7 8 8 0.6130804201968332 0.6130804201968332 17
286 9 8 1.31587122240523 4 1.31587122240523 4 5 5 9 9 0.5826088541354891 0.5826088541354891 17
286 9 9 1.328302595055551 4 1.328302595055551 4 6 6 8 8 0.6212266077882078 0.6212266077882078 17
286 9 6 1.3822280100065039 4 1.3822280100065039 4 5 5 8 8 0.5875232042627143 0.5875232042627143 18
286 9 11 1.3705482409025698 4 1.3705482409025698 4 6 6 8 8 0.5892201427166465 0.5892201427166465 15
286 9 13 1.378357442983553 4 1.378357442983553 4 8 8 9 9 0.6111900486271279 0.6111900486271279 19
286 9 3 1.2975153935771704 4 1.2975153935771704 4 3 3 10 10 0.5965756481076688 0.5965756481076688 19
286 9 5 1.3290597981138805 4 1.3290597981138805 4 4 4 8 8 0.5879991414956451 0.5879991414956451 16
286 9 11 1.3595797310331592 4 1.3595797310331592 4 8 8 8 8 0.6007462331763028 0.6007462331763028 15
286 9 8 1.3398641725183196 3 1.3398641725183196 3 3 3 9 9 0.5993326894550669 0.5993326894550669 15
286 9 8 1.342519585243119 4 1.342519585243119 4 3 3 9 9 0.5884518065462118 0.5884518065462118 15
286 9 11 1.3803259249079847 4 1.3803259249079847 4 7 7 9 9 0.604750290502039 0.604750290502039 15
286 9 11 1.383805615144215 4 1.383805615144215 4 6 6 9 9 0.5981418254376915 0.5981418254376915 17
286 9 11 1.3587697882398824 4 1.3587697882398824 4 7 7 8 8 0.5911095751567776 0.5911095751567776 18
286 9 10 1.319333750612153 3 1.319333750612153 3 4 4 8 8 0.6166090028852269 0.6166090028852269 16
286 9 8 1.3827296778256082 3 1.3827296778256082 3 7 7 9 9 0.6328422724734614 0.6328422724734614 19
286 9 8 1.3140874202416306 4 1.3140874202416306 4 4 4 9 9 0.5809847606459081 0.5809847606459081 18
286 9 17 1.3760929627027252 3 1.3760929627027252 3 5 5 9 9 0.6114359231312136 0.6114359231312136 18
286 9 11 1.3258470437104706 4 1.3258470437104706 4 6 6 9 9 0.5940846226993906 0.5940846226993906 17
286 9 15 1.3453647855358397 3 1.3453647855358397 3 5 5 9 9 0.6111383190433398 0.6111383190433398 19
286 9 13 1.3255881524634447 3 1.3255881524634447 3 5 5 9 9 0.6099091699127689 0.6099091699127689 17
286 9 13 1.363445919503067 3 1.363445919503067 3 6 6 9 9 0.6278671018181512 0.6278671018181512 15
286 9 11 1.360307543072673 4 1.360307543072673 4 4 4 8 8 0.5804069765935685 0.5804069765935685 19
286 9 12 1.3202741483140112 4 1.3202741483140112 4 8 8 8 8 0.5912805291970247 0.5912805291970247 17
286 9 14 1.325428634838439 4 1.325428634838439 4 5 5 9 9 0.5955844142957144 0.5955844142957144 20
286 9 7 1.3184874522023258 3 1.3184874522023258 3 5 5 10 10 0.6038604903591699 0.6038604903591699 21
286 9 11 1.3428004858302798 4 1.3428004858302798 4 5 5 9 9 0.6008070697756014 0.6008070697756014 16
286 9 15 1.376376912746367 4 1.376376912746367 4 6 6 8 9 0.5992412230920044 0.599996149983295 17
286 9 17 1.3545265844128405 3 1.3545265844128405 3 7 7 8 8 0.5965765346678545 0.5965765346678545 17
286 9 12 1.3547625246132755 4 1.3547625246132755 4 7 7 9 9 0.5979799226894046 0.5979799226894046 18
286 9 11 1.3807865627698914 3 1.3807865627698914 3 5 5 8 8 0.5918111978759535 0.5918111978759535 19
286 9 4 1.3374520581946319 4 1.3374520581946319 4 4 4 9 9 0.6160172321165736 0.6160172321165736 17
286 9 12 1.345834063055246 4 1.345834063055246 4 7 7 9 9 0.5868768042729917 0.5868768042729917 21
286 9 4 1.3626922566334623 3 1.3626922566334623 3 4 4 8 8 0.6245540589946177 0.6245540589946177 14
286 9 12 1.34068628236069 4 1.34068628236069 4 5 5 10 10 0.6030245989513887 0.6030245989513887 20
286 9 10 1.3305373721515728 4 1.3305373721515728 4 4 4 10 10 0.6201920893791523 0.6201920893791523 16
286 9 4 1.3419377743764045 4 1.3419377743764045 4 3 3 8 8 0.6068069642318924 0.6068069642318924 17
286 9 6 1.2945400337652921 4 1.2945400337652921 4 4 4 10 10 0.5895514467256385 0.5895514467256385 19
286 9 6 1.2894135918450675 3 1.2894135918450675 3 4 4 10 10 0.5874318837271323 0.5874318837271323 17
286 9 10 1.3619439475176154 3 1.3619439475176154 3 4 4 8 8 0.5994295719820192 0.5994295719820192 16
286 9 6 1.3661996001282732 3 1.3661996001282732 3 4 4 9 9 0.6199163721351093 0.6199163721351093 18
286 9 6 1.3701311405703709 4 1.3701311405703709 4 3 3 9 9 0.6009796898448684 0.6009796898448684 17
286 9 9 1.3714566029349293 4 1.3714566029349293 4 6 6 10 10 0.5999809462556274 0.5999809462556274 17
286 9 13 1.354214124270337 4 1.354214124270337 4 7 7 8 8 0.5939510276048736 0.5939510276048736 18
286 9 3 1.3693505032886877 4 1.3693505032886877 4 3 3 8 8 0.5924409612166707 0.5924409612166707 17
286 9 7 1.3892174199111302 4 1.3892174199111302 4 4 4 9 9 0.6068674817800689 0.6068674817800689 15
286 9 14 1.3958232621448172 4 1.3958232621448172 4 9 9 9 9 0.6055681595017257 0.6055681595017257 19
286 9 4 1.3349009774453449 4 1.3349009774453449 4 3 3 9 9 0.559568538322138 0.559568538322138 17
286 9 12 1.3904135704647809 4 1.3904135704647809 4 9 9 9 9 0.6149379272631023 0.6149379272631023 15
286 9 10 1.3787779428589262 4 1.3787779428589262 4 4 4 8 8 0.6023536255668096 0.6023536255668096 17
286 9 10 1.3588385316706306 3 1.3588385316706306 3 5 5 8 8 0.6274652067047168 0.6274652067047168 16
286 9 12 1.2993845931261034 4 1.2993845931261034 4 5 5 8 8 0.6070302805810719 0.6070302805810719 19
286 9 8 1.3644788735618092 4 1.3644788735618092 4 5 5 8 8 0.6173133564639123 0.6173133564639123 17
286 9 7 1.3150090402427663 3 1.3150090402427663 3 4 4 9 9 0.6136418263166514 0.6136418263166514 14
286 9 11 1.3645172584905854 4 1.3645172584905854 4 7 7 9 9 0.6031972010118862 0.6031972010118862 15
286 9 13 1.3358040877956 4 1.3358040877956 4 3 3 9 9 0.6000924208428978 0.6000924208428978 21
286 9 10 1.3605485377781024 4 1.3605485377781024 4 5 5 8 8 0.5945257733719267 0.5945257733719267 14
286 9 13 1.3026690604416575 4 1.3026690604416575 4 5 5 9 9 0.5858108577363978 0.5858108577363978 19
286 9 6 1.3109153256482493 3 1.3109153256482493 3 5 5 8 8 0.6305847318959203 0.6305847318959203 15
286 9 8 1.3476016734792493 4 1.3476016734792493 4 5 5 9 9 0.5997785733851139 0.5997785733851139 17
286 9 10 1.3268926522051872 4 1.3268926522051872 4 4 4 10 10 0.6074033192914308 0.6074033192914308 15
286 9 7 1.3847085340303542 3 1.3847085340303542 3 5 5 8 8 0.6168876107095975 0.6168876107095975 17
286 9 9 1.3641277160014444 4 1.3641277160014444 4 5 5 9 9 0.6028612995396214 0.6028612995396214 14
286 9 10 1.3698267931027168 4 1.3698267931027168 4 6 6 8 8 0.6073721732812646 0.6073721732812646 16
286 9 8 1.3697500174365698 3 1.3697500174365698 3 6 6 8 8 0.6081280122364039 0.6081280122364039 14
286 9 8 1.304355077255867 3 1.304355077255867 3 5 5 10 10 0.6179086405047944 0.6179086405047944 18
286 9 11 1.3465642869838526 4 1.3465642869838526 4 4 4 9 9 0.5911366217310271 0.5911366217310271 20
286 9 6 1.3320708947270614 3 1.3320708947270614 3 3 3 8 8 0.6170797539678656 0.6170797539678656 16
286 9 6 1.390694305463225 4 1.390694305463225 4 4 4 9 9 0.606435548233379 0.606435548233379 19
286 9 6 1.3372108774616849 3 1.3372108774616849 3 4 4 8 8 0.6099931828078681 0.6099931828078681 16
286 9 11 1.3840757252179567 3 1.3840757252179567 3 7 7 10 10 0.6090846992944896 0.6090846992944896 14
286 9 15 1.3596475049077552 4 1.3596475049077552 4 4 4 8 8 0.5785796397144608 0.5785796397144608 22
286 9 11 1.2967358083539757 4 1.2967358083539757 4 7 7 10 10 0.6112764180726794 0.6112764180726794 21
286 9 7 1.3573263721452227 3 1.3573263721452227 3 6 6 8 8 0.6338700635029305 0.6338700635029305 15
286 9 11 1.3379813646288548 3 1.3379813646288548 3 6 6 10 10 0.6109031896619308 0.6109031896619308 14
286 9 11 1.356180983945837 3 1.356180983945837 3 5 5 9 9 0.6410620168487299 0.6410620168487299 14
286 9 17 1.3755511582517859 3 1.3755511582517859 3 4 4 9 9 0.6128851908752159 0.6128851908752159 17
286 9 9 1.351396534975721 4 1.351396534975721 4 6 6 8 8 0.6231839401856882 0.6231839401856882 18
286 9 18 1.3279073370956131 4 1.3279073370956131 4 6 6 10 10 0.602536716016116 0.602536716016116 19
286 9 9 1.3353539848249922 3 1.3353539848249922 3 5 5 10 10 0.6322533915191255 0.6322533915191255 15
286 9 13 1.3595631927844096 4 1.3595631927844096 4 6 6 9 9 0.5961197990044146 0.5961197990044146 16
286 9 9 1.2988398783752682 4 1.2988398783752682 4 5 5 9 9 0.6287862681219323 0.6287862681219323 15
286 9 11 1.334297959308656 4 1.334297959308656 4 6 6 9 9 0.6131929356579705 0.6131929356579705 14
286 9 9 1.36918656280723 3 1.36918656280723 3 7 7 9 9 0.6174915410929392 0.6174915410929392 15
286 9 9 1.3156867945594013 3 1.3156867945594013 3 7 7 8 8 0.6200304454675089 0.6200304454675089 16
286 9 5 1.3167459982804584 3 1.3167459982804584 3 5 5 9 9 0.617592600678265 0.617592600678265 16
286 9 10 1.3706147012503445 3 1.3706147012503445 3 7 7 8 8 0.5894929662412183 0.5894929662412183 20
286 9 3 1.3622357508156386 4 1.3622357508156386 4 3 3 9 9 0.5890672612957681 0.5890672612957681 17
286 9 9 1.3521382816337504 3 1.3521382816337504 3 4 4 9 9 0.643921123553991 0.643921123553991 14
286 9 7 1.3193072414769687 3 1.3193072414769687 3 5 5 8 8 0.5930882431705141 0.5930882431705141 17
286 9 11 1.3359689636949206 3 1.3359689636949206 3 6 6 9 9 0.5868164201308994 0.5868164201308994 17
286 9 8 1.308537438500796 4 1.308537438500796 4 6 6 9 9 0.6361063324787104 0.6361063324787104 18
286 9 7 1.3606727397105207 4 1.3606727397105207 4 6 6 8 8 0.6042024021045004 0.6042024021045004 15
286 9 11 1.324694763996887 4 1.324694763996887 4 4 4 8 8 0.5949994438579381 0.5949994438579381 17
286 9 10 1.3723189040835775 4 1.3723189040835775 4 4 4 8 8 0.5967640822652296 0.5967640822652296 19
286 9 6 1.34505580654294 4 1.34505580654294 4 5 5 11 11 0.6110273128192696 0.6110273128192696 18
286 9 13 1.3571119321646552 4 1.3571119321646552 4 8 8 8 8 0.5769650778057815 0.5769650778057815 20
286 9 12 1.3622471865570207 3 1.3622471865570207 3 6 6 8 8 0.6003293446578101 0.6003293446578101 17
286 9 11 1.3442184785383255 3 1.3442184785383255 3 5 5 10 10 0.6097807495534769 0.6097807495534769 18
286 9 7 1.3538090341229012 4 1.3538090341229012 4 4 4 9 9 0.6117569978583964 0.6117569978583964 15
286 9 11 1.328716889774518 4 1.328716889774518 4 5 5 9 9 0.6001009237460287 0.6001009237460287 18
286 9 5 1.3361605845551996 3 1.3361605845551996 3 2 2 8 8 0.5961335430303963 0.5961335430303963 16
286 9 13 1.336983254963769 4 1.336983254963769 4 5 5 9 9 0.6180906748651505 0.6180906748651505 16
286 9 6 1.3822248489954692 3 1.3822248489954692 3 3 3 8 8 0.6114595023788774 0.6114595023788774 17
286 9 12 1.34631453093091 3 1.34631453093091 3 5 5 9 9 0.585555518684889 0.585555518684889 15
286 9 11 1.3268259917963878 4 1.3268259917963878 4 4 4 8 8 0.6004936788153571 0.6004936788153571 15
286 9 7 1.3625308440356867 3 1.3625308440356867 3 3 3 8 8 0.6135545980825703 0.6135545980825703 15
286 9 11 1.2941011174358974 3 1.2941011174358974 3 5 5 8 8 0.5971358307125479 0.5971358307125479 17
286 9 4 1.389538140613145 4 1.389538140613145 4 3 3 8 8 0.6096040190387605 0.6096040190387605 19
286 9 6 1.3818279004090728 4 1.3818279004090728 4 4 4 10 10 0.5767314684456754 0.5767314684456754 22
286 9 7 1.3382499924131528 3 1.3382499924131528 3 5 5 8 8 0.5728847686889645 0.5728847686889645 15
286 9 8 1.3305630477414265 4 1.3305630477414265 4 3 3 9 9 0.5993991245739498 0.5993991245739498 14
286 9 7 1.290256119694394 4 1.290256119694394 4 4 4 9 9 0.6162961649849767 0.6162961649849767 16
286 9 5 1.3387920416135308 4 1.3387920416135308 4 3 3 8 8 0.6059161418247183 0.6059161418247183 17
286 9 11 1.3258811567017326 3 1.3258811567017326 3 5 5 9 9 0.5884615036455842 0.5884615036455842 17
286 9 8 1.3302867470474757 4 1.3302867470474757 4 5 5 8 8 0.6108157408316804 0.6108157408316804 17
286 9 8 1.3665639049528218 3 1.3665639049528218 3 5 5 9 9 0.5779363538901794 0.5779363538901794 17
286 9 10 1.3800592907825906 4 1.3800592907825906 4 7 7 8 8 0.598038558178418 0.598038558178418 16
286 9 11 1.3015655056920907 4 1.3015655056920907 4 4 4 9 9 0.5659557137373826 0.5659557137373826 22
286 9 8 1.328581104883475 3 1.328581104883475 3 5 5 10 10 0.6046802302432701 0.6046802302432701 17
286 9 8 1.32854974393935 4 1.32854974393935 4 6 6 10 10 0.5847546878141285 0.5847546878141285 16
286 9 11 1.3601392268587835 3 1.3601392268587835 3 4 4 9 9 0.6378792536135198 0.6378792536135198 16
286 9 8 1.3679245786185894 4 1.3679245786185894 4 6 6 8 8 0.5985519562365511 0.5985519562365511 18
286 9 5 1.2971428982727977 4 1.2971428982727977 4 5 5 8 8 0.5891713667063315 0.5891713667063315 16
286 9 11 1.3666144700221152 3 1.3666144700221152 3 6 6 9 9 0.5873644129763013 0.5873644129763013 16
286 9 8 1.3750275723510554 4 1.3750275723510554 4 7 7 8 8 0.5846466958586456 0.5846466958586456 17
286 9 5 1.3203730035396701 4 1.3203730035396701 4 3 3 8 8 0.6195135875025835 0.6195135875025835 17
286 9 4 1.3609345889831437 4 1.3609345889831437 4 4 4 9 9 0.6090341185620904 0.6090341185620904 16
286 9 10 1.3484475906040225 3 1.3484475906040225 3 4 4 9 9 0.6023645654815957 0.6023645654815957 18
286 9 6 1.3625638605394133 4 1.3625638605394133 4 5 5 8 8 0.6281269658172165 0.6281269658172165 18
286 9 3 1.3573085997992267 4 1.3573085997992267 4 3 3 8 8 0.585261018518937 0.585261018518937 18
286 9 7 1.3251772365451946 3 1.3251772365451946 3 4 4 8 8 0.6054985321593713 0.6054985321593713 16
286 9 13 1.347090840655066 3 1.347090840655066 3 7 7 8 8 0.6203111573740943 0.6203111573740943 15
286 9 16 1.3796613031847207 4 1.3796613031847207 4 7 7 9 9 0.599781395760417 0.599781395760417 16
286 9 5 1.3708957014956056 3 1.3708957014956056 3 3 3 9 9 0.5858195611692115 0.5858195611692115 15
286 9 11 1.3057069491851014 3 1.3057069491851014 3 4 4 9 9 0.615026145183488 0.615026145183488 14
286 9 9 1.3770197048251382 4 1.3770197048251382 4 5 5 9 9 0.6149967376880167 0.6149967376880167 17
286 9 8 1.3149010735759543 3 1.3149010735759543 3 5 5 9 9 0.6055135424016547 0.6055135424016547 14
286 9 7 1.3767355710296225 4 1.3767355710296225 4 5 5 9 9 0.6286754112700225 0.6286754112700225 17
286 9 7 1.3746310105856552 3 1.3746310105856552 3 5 5 9 9 0.6292945399588752 0.6292945399588752 16
286 9 10 1.3526078574949802 3 1.3526078574949802 3 6 6 8 8 0.6239360949279708 0.6239360949279708 18
286 9 7 1.3425990280649267 4 1.3425990280649267 4 5 5 8 8 0.6087888073464999 0.6087888073464999 16
286 9 8 1.30645059209911 3 1.30645059209911 3 4 4 9 9 0.6225349727972104 0.6225349727972104 15
286 9 10 1.3285950333475183 3 1.3285950333475183 3 6 6 9 9 0.6112588266434419 0.6112588266434419 14
286 9 8 1.3515941494522552 4 1.3515941494522552 4 7 7 8 8 0.6271023362806579 0.6271023362806579 16
286 9 8 1.3383356086732896 3 1.3383356086732896 3 4 4 9 9 0.5843465757698585 0.5843465757698585 17
286 9 11 1.3809315225947023 3 1.3809315225947023 3 4 4 8 8 0.616795117275887 0.616795117275887 16
286 9 10 1.3623205598442525 4 1.3623205598442525 4 4 4 9 9 0.6081016311605575 0.6081016311605575 17
286 9 11 1.3253878742448262 4 1.3253878742448262 4 7 7 9 9 0.6192480587765451 0.6192480587765451 18
286 9 4 1.384466053218034 4 1.384466053218034 4 4 4 9 9 0.6284037786223099 0.6284037786223099 16
286 9 9 1.3744114978662751 4 1.3744114978662751 4 4 4 9 9 0.5715904487783343 0.5715904487783343 17
286 9 13 1.325498867838082 4 1.325498867838082 4 5 5 8 8 0.5980278365767872 0.5980278365767872 16
286 9 15 1.3366211603760092 4 1.3366211603760092 4 6 6 9 9 0.608713531829019 0.608713531829019 17
286 9 6 1.3576791389052938 3 1.3576791389052938 3 5 5 9 9 0.6120533409869077 0.6120533409869077 15
286 9 5 1.3316891839653626 4 1.3316891839653626 4 3 3 9 9 0.6123944625692875 0.6123944625692875 16
286 9 7 1.3721895120809744 4 1.3721895120809744 4 3 3 8 8 0.6093363124831657 0.6093363124831657 15
286 9 7 1.334860946982463 4 1.334860946982463 4 5 5 9 9 0.5885870297146516 0.5885870297146516 18
286 9 8 1.3544106051765428 4 1.3544106051765428 4 6 6 10 10 0.590987928498212 0.590987928498212 18
286 9 7 1.3620901504084912 3 1.3620901504084912 3 5 5 11 11 0.6310263648550363 0.6310263648550363 14
286 9 14 1.3548967590134684 3 1.3548967590134684 3 7 7 9 9 0.6300278586991875 0.6300278586991875 14
286 9 8 1.3513500129452696 4 1.3513500129452696 4 4 4 8 8 0.6056095219968111 0.6056095219968111 17
286 9 12 1.3773531606596352 4 1.3773531606596352 4 4 4 9 9 0.5889263897118849 0.5889263897118849 19
286 9 10 1.3775533473180825 3 1.3775533473180825 3 5 5 8 8 0.57364301795051 0.57364301795051 19
286 9 10 1.3233381354892626 3 1.3233381354892626 3 3 3 9 9 0.6190853686740153 0.6190853686740153 17
286 9 10 1.3439637834731746 4 1.3439637834731746 4 7 7 9 9 0.5647390810775224 0.5647390810775224 18
286 9 4 1.3245307922744678 4 1.3245307922744678 4 3 3 9 9 0.5868714946897793 0.5868714946897793 17
286 9 7 1.361938635240488 3 1.361938635240488 3 5 5 9 9 0.6152213268472011 0.6152213268472011 15
286 9 10 1.3611631484537692 3 1.3611631484537692 3 6 6 9 9 0.6123699430054842 0.6123699430054842 17
286 9 11 1.3529814291830222 3 1.3529814291830222 3 10 10 10 10 0.6142379716243348 0.6142379716243348 17
286 9 6 1.2864839123307452 4 1.2864839123307452 4 5 5 8 8 0.6210166775726215 0.6210166775726215 17
286 9 5 1.3131219423586424 3 1.3131219423586424 3 3 3 9 9 0.6153296929315027 0.6153296929315027 17
286 9 4 1.3805318923830947 3 1.3805318923830947 3 2 2 8 8 0.5819874860958774 0.5819874860958774 15
286 9 6 1.3383352205929937 3 1.3383352205929937 3 3 3 9 9 0.6164952859882923 0.6164952859882923 14
286 9 8 1.3252985880092272 4 1.3252985880092272 4 5 5 8 8 0.6130207741890176 0.6130207741890176 17
286 9 9 1.3817772157524588 3 1.3817772157524588 3 4 4 9 9 0.6155823100753169 0.6155823100753169 15
286 9 8 1.3159177427360218 4 1.3159177427360218 4 4 4 9 9 0.6160361491655202 0.6160361491655202 16
286 9 8 1.3547412091041735 3 1.3547412091041735 3 5 5 8 8 0.6085266994306482 0.6085266994306482 18
286 9 4 1.3333959931270027 3 1.3333959931270027 3 2 2 9 9 0.600540629962002 0.600540629962002 19
286 9 8 1.3149071896440958 3 1.3149071896440958 3 6 6 8 8 0.5984741948028662 0.5984741948028662 16
286 9 7 1.381330346890711 4 1.381330346890711 4 5 5 9 9 0.6083292674667239 0.6083292674667239 19
286 9 7 1.3658611010171806 3 1.3658611010171806 3 5 5 8 8 0.6115518320063775 0.6115518320063775 14
286 9 9 1.3596886246084423 4 1.3596886246084423 4 5 5 9 9 0.6040732092305521 0.6040732092305521 16
286 9 7 1.3609567817506332 4 1.3609567817506332 4 5 5 9 9 0.5982569926188812 0.5982569926188812 16
286 9 11 1.3310149424371778 4 1.3310149424371778 4 5 5 8 8 0.5799855981237102 0.5799855981237102 20
286 9 11 1.351869293517422 3 1.351869293517422 3 6 6 9 9 0.6097321881464205 0.6097321881464205 17
286 9 6 1.3403941774715051 3 1.3403941774715051 3 4 4 8 8 0.5939904792177519 0.5939904792177519 15
286 9 10 1.364346909832544 3 1.364346909832544 3 3 3 8 8 0.6289650423391685 0.6289650423391685 15
286 9 9 1.3543286958819765 3 1.3543286958819765 3 5 5 8 8 0.579272951213511 0.579272951213511 15
286 9 11 1.4023624317197896 3 1.4023624317197896 3 4 4 8 8 0.579273320941521 0.579273320941521 20
286 9 6 1.3364119420057343 4 1.3364119420057343 4 4 4 9 9 0.6193474260781949 0.6193474260781949 16
286 9 9 1.3078014494876515 4 1.3078014494876515 4 6 6 8 8 0.6275209030993695 0.6275209030993695 17
286 9 4 1.344286129572385 4 1.344286129572385 4 4 4 9 9 0.6013678726091309 0.6013678726091309 16
286 9 12 1.3307977627826695 3 1.3307977627826695 3 4 4 9 9 0.6022755993035714 0.6022755993035714 16
286 9 8 1.3537674558492625 4 1.3537674558492625 4 6 6 8 8 0.5784722130000496 0.5784722130000496 19
286 9 11 1.3569343571962913 4 1.3569343571962913 4 4 4 8 8 0.6283954050999505 0.6283954050999505 16
286 9 7 1.298050023794713 3 1.298050023794713 3 5 5 8 8 0.6071797569175196 0.6071797569175196 16
286 9 6 1.3596493668133127 3 1.3596493668133127 3 4 4 9 9 0.6189507074122459 0.6189507074122459 15
286 9 4 1.2937644014964729 3 1.2937644014964729 3 3 3 8 8 0.5949315350539119 0.5949315350539119 15
286 9 8 1.3729862383778595 4 1.3729862383778595 4 6 6 10 10 0.6085692473804364 0.6085692473804364 15
286 9 8 1.3540294665487027 3 1.3540294665487027 3 4 4 8 8 0.6043451789081158 0.6043451789081158 15
286 9 10 1.3784851932714302 3 1.3784851932714302 3 5 5 10 10 0.6189850867401259 0.6189850867401259 17
286 9 17 1.350013698976316 3 1.350013698976316 3 8 8 9 9 0.6036752939802095 0.6036752939802095 17
286 9 15 1.3731344837512256 4 1.3731344837512256 4 6 6 8 8 0.6205567947752231 0.6205567947752231 18
286 9 9 1.3618906015603598 4 1.3618906015603598 4 6 6 8 8 0.6128671396590979 0.6128671396590979 16
286 9 9 1.326319651633514 3 1.326319651633514 3 7 7 9 9 0.6236492334394431 0.6236492334394431 15
286 9 12 1.3720668683116257 3 1.3720668683116257 3 4 4 8 8 0.5919834262582265 0.5919834262582265 19
286 9 5 1.3346952685200226 4 1.3346952685200226 4 3 3 9 9 0.6047354506746895 0.6047354506746895 20
286 9 10 1.3131157798186184 4 1.3131157798186184 4 3 3 8 8 0.5950607128028971 0.5950607128028971 17
286 9 6 1.3326594602055122 4 1.3326594602055122 4 4 4 9 9 0.5958365931760568 0.5958365931760568 19
286 9 7 1.3151126612052413 3 1.3151126612052413 3 4 4 8 8 0.6105839370648088 0.6105839370648088 17
286 9 11 1.409673982489002 3 1.409673982489002 3 6 6 10 10 0.6024826863113575 0.6024826863113575 18
286 9 6 1.3497501627227857 4 1.3497501627227857 4 3 3 8 8 0.6095323605504597 0.6095323605504597 18
286 9 8 1.3415128676410217 4 1.3415128676410217 4 6 6 9 9 0.612871418596943 0.612871418596943 16
286 9 8 1.3429173313189589 3 1.3429173313189589 3 6 6 9 9 0.613242156855896 0.613242156855896 17
286 9 8 1.3345211178934577 4 1.3345211178934577 4 4 4 8 8 0.6052257911086586 0.6052257911086586 16
286 9 13 1.306097610699882 3 1.306097610699882 3 7 7 8 8 0.595267666825153 0.595267666825153 17
286 9 6 1.3400783604504414 3 1.3400783604504414 3 4 4 8 8 0.6054066696934858 0.6054066696934858 17
286 9 9 1.3702190197747266 3 1.3702190197747266 3 6 6 9 9 0.6212284413333362 0.6212284413333362 15
286 9 9 1.325484463919711 3 1.325484463919711 3 8 8 8 8 0.6172801072276596 0.6172801072276596 15
286 9 8 1.3729410204749426 3 1.3729410204749426 3 7 7 8 8 0.5788973943694222 0.5788973943694222 15
286 9 9 1.380699607827359 3 1.380699607827359 3 5 5 10 10 0.6279454325782993 0.6279454325782993 14
286 9 12 1.3779727247003322 3 1.3779727247003322 3 6 6 8 8 0.6098013098013098 0.6098013098013098 16
286 9 4 1.312741324024203 3 1.312741324024203 3 3 3 8 8 0.6083582150401357 0.6083582150401357 17
286 9 6 1.37768270246883 4 1.37768270246883 4 4 4 9 9 0.6006313450935002 0.6006313450935002 21
286 9 8 1.3153867725207478 3 1.3153867725207478 3 6 6 8 8 0.5836831825905257 0.5836831825905257 16
286 9 7 1.394645604049473 4 1.394645604049473 4 4 4 8 8 0.6032451813920345 0.6032451813920345 14
286 9 6 1.3616147929424922 4 1.3616147929424922 4 5 5 9 9 0.6147498577568502 0.6147498577568502 18
286 9 8 1.3760189523592101 4 1.3760189523592101 4 6 6 8 8 0.5664881976372538 0.5664881976372538 19
286 9 9 1.3747821899480184 3 1.3747821899480184 3 5 5 9 9 0.620617664192839 0.620617664192839 16
286 9 5 1.3633672915890551 3 1.3633672915890551 3 4 4 8 8 0.63377245668998 0.63377245668998 18
286 9 9 1.3441506943887893 4 1.3441506943887893 4 6 6 9 9 0.6108722690993366 0.6108722690993366 17
286 9 9 1.3943135252853902 4 1.3943135252853902 4 5 5 9 9 0.6225816044871986 0.6225816044871986 14
286 9 7 1.321888460812437 4 1.321888460812437 4 4 4 8 8 0.6213646396338707 0.6213646396338707 15
286 9 7 1.3408175170148342 3 1.3408175170148342 3 3 3 9 9 0.6159707208555422 0.6159707208555422 18
286 9 17 1.3584842776953747 4 1.3584842776953747 4 5 5 9 9 0.6057218565291375 0.6057218565291375 17
286 9 10 1.367323612455194 3 1.367323612455194 3 6 6 8 8 0.624434068046454 0.624434068046454 20
286 9 10 1.340686751194572 3 1.340686751194572 3 8 8 9 9 0.6254705557498162 0.6254705557498162 19
286 9 3 1.3821691397548947 3 1.3821691397548947 3 3 3 10 10 0.5992557597291678 0.5992557597291678 19
286 9 13 1.3545168124922466 4 1.3545168124922466 4 6 6 9 9 0.5837808773445504 0.5837808773445504 21
286 9 9 1.3345247436121443 3 1.3345247436121443 3 6 6 9 9 0.6141520387149757 0.6141520387149757 15
286 9 7 1.3341073485866657 4 1.3341073485866657 4 5 5 8 8 0.6144016919366572 0.6144016919366572 15
286 9 4 1.2869183370193484 4 1.2869183370193484 4 3 3 9 9 0.6175937019468485 0.6175937019468485 16
286 9 7 1.3817459459868264 3 1.3817459459868264 3 3 3 9 9 0.6062346338930049 0.6062346338930049 18
286 9 7 1.3685439069889613 3 1.3685439069889613 3 5 5 8 8 0.5940216300793227 0.5940216300793227 17
286 9 11 1.3433652212499423 4 1.3433652212499423 4 6 6 9 9 0.6121612653081182 0.6121612653081182 15
286 9 11 1.3453239412481606 4 1.3453239412481606 4 4 4 9 9 0.5979371986622088 0.5979371986622088 18
286 9 6 1.3393386792758188 3 1.3393386792758188 3 6 6 9 9 0.6042089303812874 0.6042089303812874 17
286 9 10 1.372401354830827 3 1.372401354830827 3 4 4 8 8 0.615915737331821 0.615915737331821 16
286 9 9 1.3430415752273763 3 1.3430415752273763 3 6 6 8 8 0.5988795441155581 0.5988795441155581 18
286 9 12 1.367846867694686 3 1.367846867694686 3 5 5 8 8 0.6032570527762836 0.6032570527762836 18
286 9 6 1.4188629194132807 3 1.4188629194132807 3 3 3 9 9 0.6143390506152739 0.6143390506152739 18
286 9 11 1.3904872047496357 4 1.3904872047496357 4 5 5 8 8 0.5993828238583486 0.5993828238583486 16
286 9 7 1.3379387211313254 4 1.3379387211313254 4 5 5 8 8 0.5998021369370611 0.5998021369370611 18
286 9 11 1.303370104381571 4 1.303370104381571 4 5 5 8 8 0.574931437968768 0.574931437968768 17
286 9 10 1.3451295588435075 4 1.3451295588435075 4 5 5 9 9 0.5794985026628385 0.5794985026628385 15
286 9 12 1.391142550021787 4 1.391142550021787 4 7 7 9 9 0.6099720381086076 0.6099720381086076 17
286 9 14 1.333992252885793 4 1.333992252885793 4 6 6 9 9 0.6199429940688683 0.6199429940688683 15
286 9 13 1.3246983183910808 3 1.3246983183910808 3 6 6 9 9 0.6209983974844112 0.6209983974844112 14
286 9 8 1.3573537973277532 3 1.3573537973277532 3 6 6 9 9 0.6274343195311933 0.6274343195311933 17
286 9 10 1.3518301814517033 4 1.3518301814517033 4 7 7 9 9 0.5968097219408408 0.5968097219408408 16
286 9 8 1.3593669408013516 4 1.3593669408013516 4 6 6 9 9 0.6223891881234541 0.6223891881234541 15
286 9 12 1.3824377787473558 3 1.3824377787473558 3 5 5 9 9 0.6110024105653477 0.6110024105653477 15
286 9 5 1.3632983507057 4 1.3632983507057 4 5 5 9 9 0.6150088305245649 0.6150088305245649 16
286 9 8 1.3118507100127117 4 1.3118507100127117 4 4 4 10 10 0.5843139717702653 0.5843139717702653 17
286 9 10 1.3570457918537724 4 1.3570457918537724 4 6 6 10 10 0.6005954418541833 0.6005954418541833 15
286 9 8 1.3732513723896331 4 1.3732513723896331 4 3 3 9 9 0.6094386965016341 0.6094386965016341 16
286 9 7 1.3222545930341738 3 1.3222545930341738 3 4 4 9 9 0.6145164033712985 0.6145164033712985 18
286 9 6 1.363906365770293 3 1.363906365770293 3 5 5 8 8 0.5882438206019035 0.5882438206019035 18
286 9 6 1.3179418467504596 3 1.3179418467504596 3 5 5 8 8 0.6002793680678292 0.6002793680678292 16
286 9 12 1.3409832984022674 3 1.3409832984022674 3 5 5 9 9 0.5990803457021063 0.5990803457021063 17
286 9 9 1.3655017847772317 4 1.3655017847772317 4 6 6 8 8 0.5917037039928851 0.5917037039928851 17
286 9 7 1.4043604774901624 4 1.4043604774901624 4 5 5 8 8 0.5892303256472756 0.5892303256472756 19
286 9 12 1.334204716451141 4 1.334204716451141 4 7 7 8 8 0.6286137384269511 0.6286137384269511 19
286 9 10 1.3375551088833348 3 1.3375551088833348 3 6 6 8 8 0.5835253958300032 0.5835253958300032 18
286 9 12 1.3346908513876308 3 1.3346908513876308 3 5 5 9 9 0.6143274994236532 0.6143274994236532 16
286 9 6 1.3329951110891085 3 1.3329951110891085 3 6 6 8 8 0.588824894025943 0.588824894025943 18
286 9 9 1.375063244019752 3 1.375063244019752 3 6 6 9 9 0.5950499852083561 0.5950499852083561 17
286 9 8 1.3288336458507515 3 1.3288336458507515 3 5 5 9 9 0.6078917974022875 0.6078917974022875 14
286 9 11 1.3692613111849146 4 1.3692613111849146 4 4 4 8 8 0.605904473914038 0.605904473914038 21
286 9 11 1.360072287769382 3 1.360072287769382 3 5 5 8 8 0.6012112791286403 0.6012112791286403 19
286 9 6 1.343642377221902 3 1.343642377221902 3 6 6 9 9 0.5928852955513796 0.5928852955513796 16
286 9 7 1.378885081615146 3 1.378885081615146 3 4 4 8 8 0.621380969743269 0.621380969743269 17
286 9 5 1.3569464605192805 4 1.3569464605192805 4 3 3 9 9 0.6104924019259687 0.6104924019259687 15
286 9 4 1.3660972916838838 3 1.3660972916838838 3 3 3 8 8 0.5860194389914666 0.5860194389914666 14
286 9 6 1.386111407619102 4 1.386111407619102 4 4 4 8 8 0.6230573767724115 0.6230573767724115 18
286 9 13 1.3742719958060465 3 1.3742719958060465 3 4 4 9 9 0.602477676523851 0.602477676523851 17
286 9 10 1.3042377982766826 4 1.3042377982766826 4 5 5 9 9 0.5892050451791411 0.5892050451791411 20
286 9 8 1.3840242164478016 3 1.3840242164478016 3 5 5 9 9 0.5954053365278172 0.5958881870106678 17
286 9 7 1.3327935763953538 3 1.3327935763953538 3 7 7 8 8 0.6021618387440063 0.6021618387440063 16
286 9 8 1.346179157019572 4 1.346179157019572 4 6 6 8 8 0.5975855946238504 0.5975855946238504 17
286 9 9 1.3400967392625605 4 1.3400967392625605 4 4 4 9 9 0.604708911740483 0.604708911740483 17
286 9 9 1.3466089013325866 3 1.3466089013325866 3 4 4 8 8 0.6177816016539796 0.6177816016539796 16
286 9 10 1.370544788688642 4 1.370544788688642 4 6 6 9 9 0.6194446165265787 0.6194446165265787 17
286 9 10 1.3204544084244336 4 1.3204544084244336 4 5 5 9 9 0.575988759686312 0.575988759686312 16
286 9 11 1.3567152536844251 3 1.3567152536844251 3 7 7 8 8 0.6011654891796808 0.6011654891796808 18
286 9 10 1.3257074038041243 3 1.3257074038041243 3 6 6 8 8 0.5962748438658556 0.5962748438658556 17
286 9 5 1.359308149277294 4 1.359308149277294 4 2 2 9 9 0.5858839344416265 0.5858839344416265 18
286 9 10 1.3752807178422959 3 1.3752807178422959 3 4 4 9 9 0.6278978209048136 0.6278978209048136 14
286 9 10 1.372592452957091 3 1.372592452957091 3 5 5 8 8 0.5877035115234418 0.5877035115234418 16
286 9 8 1.3774978133669893 3 1.3774978133669893 3 3 3 8 8 0.5992866584829769 0.5992866584829769 18
286 9 14 1.3428245642096215 4 1.3428245642096215 4 6 6 8 8 0.6141904957901457 0.6141904957901457 16
286 9 7 1.3490160472446109 3 1.3490160472446109 3 6 6 8 8 0.6097412338510052 0.6097412338510052 19
286 9 11 1.3526734015802968 3 1.3526734015802968 3 7 7 7 7 0.5874478862241097 0.5874478862241097 15
286 9 8 1.3275104517921934 3 1.3275104517921934 3 4 4 8 8 0.5888555403415539 0.5888555403415539 15
286 9 13 1.3360187086513926 3 1.3360187086513926 3 4 4 8 8 0.5807850803043112 0.5807850803043112 16
286 9 11 1.3432445539114337 3 1.3432445539114337 3 7 7 8 8 0.5889900503536873 0.5889900503536873 16
286 9 13 1.3567263318644316 4 1.3567263318644316 4 4 4 9 9 0.5875149611574954 0.5875149611574954 17
286 9 12 1.382175290117046 3 1.382175290117046 3 6 6 9 9 0.5891628071183815 0.5891628071183815 17
286 9 9 1.324186285199948 4 1.324186285199948 4 5 5 7 7 0.6073676178134221 0.6073676178134221 16
286 9 6 1.3900169533910973 3 1.3900169533910973 3 4 4 8 8 0.613405795835866 0.613405795835866 16
286 9 11 1.3398803738161398 3 1.3398803738161398 3 5 5 8 8 0.5918325966505725 0.5918325966505725 18
286 9 14 1.353332942339827 3 1.353332942339827 3 3 3 9 9 0.5978734718730988 0.5978734718730988 20
286 9 12 1.3346389761517876 3 1.3346389761517876 3 4 4 9 9 0.6198145143512273 0.6198145143512273 16
286 9 8 1.3170771360854459 3 1.3170771360854459 3 4 4 9 9 0.6049834846240646 0.6049834846240646 17
286 9 17 1.381132570584902 4 1.381132570584902 4 5 5 9 9 0.5916332567633471 0.5916332567633471 17
286 9 10 1.344264280788673 4 1.344264280788673 4 9 9 9 9 0.6133300848335812 0.6133300848335812 15
286 9 9 1.3765253607443226 4 1.3765253607443226 4 5 5 9 9 0.6169309459835882 0.6169309459835882 22
286 9 9 1.3503596919633647 4 1.3503596919633647 4 7 7 10 10 0.5934909799648969 0.5934909799648969 19
286 9 11 1.3360778993915439 4 1.3360778993915439 4 5 5 9 9 0.6066871092431834 0.6066871092431834 19
286 9 11 1.3145069869801584 4 1.3145069869801584 4 5 5 9 9 0.6205324387322536 0.6205324387322536 17
286 9 8 1.3338712559249184 3 1.3338712559249184 3 5 5 8 8 0.6068340704498661 0.6068340704498661 18
286 9 10 1.2976839629157586 3 1.2976839629157586 3 6 6 9 9 0.6118438476830084 0.6118438476830084 15
286 9 12 1.4006312500499098 4 1.4006312500499098 4 5 5 9 9 0.59390093201282 0.59390093201282 15
286 9 8 1.3550755456532237 4 1.3550755456532237 4 4 4 9 9 0.5811749293829716 0.5811749293829716 16
286 9 7 1.3640811874420287 3 1.3640811874420287 3 6 6 8 8 0.6025787321139027 0.6025787321139027 20
286 9 10 1.3610669411779326 4 1.3610669411779326 4 5 5 9 9 0.6129112075250496 0.6129112075250496 20
286 9 13 1.3364921592009193 4 1.3364921592009193 4 7 7 8 8 0.6107316146420427 0.6107316146420427 17
286 9 7 1.3604229576642417 3 1.3604229576642417 3 3 3 8 8 0.6249850091633309 0.6249850091633309 15
286 9 8 1.4344687549511663 3 1.4344687549511663 3 4 4 9 9 0.610667217397987 0.610667217397987 15
286 9 10 1.348765284463287 3 1.348765284463287 3 7 7 8 8 0.6001219642828032 0.6001219642828032 15
286 9 11 1.3557828184166307 4 1.3557828184166307 4 7 7 8 8 0.6061879554012423 0.6061879554012423 15
286 9 8 1.3507569101647725 4 1.3507569101647725 4 3 3 11 11 0.6248780609354825 0.6248780609354825 19
286 9 10 1.314432663662601 3 1.314432663662601 3 5 5 8 8 0.5783265090578522 0.5783265090578522 20
286 9 8 1.3823024616185358 4 1.3823024616185358 4 5 5 8 8 0.5942643004642343 0.5942643004642343 19
286 9 8 1.3853105769277065 3 1.3853105769277065 3 4 4 8 8 0.5831145542780074 0.5831145542780074 20
286 9 12 1.358394046399277 3 1.358394046399277 3 4 4 8 8 0.5976721077039872 0.5976721077039872 20
286 9 8 1.3370704624637335 4 1.3370704624637335 4 4 4 10 10 0.6140329222059993 0.6140329222059993 16
286 9 10 1.3518254484773602 4 1.3518254484773602 4 5 5 8 8 0.577848583425398 0.577848583425398 21
286 9 9 1.3985403571169222 3 1.3985403571169222 3 4 4 10 10 0.6264465238172453 0.6264465238172453 19
286 9 9 1.3667596644872482 4 1.3667596644872482 4 4 4 9 9 0.6092785359779389 0.6092785359779389 18
286 9 9 1.3369848632563412 3 1.3369848632563412 3 5 5 10 10 0.6116329229297152 0.6116329229297152 17
286 9 8 1.3626970469605966 3 1.3626970469605966 3 4 4 9 9 0.6188891468123264 0.6188891468123264 17
286 9 5 1.3402565890979818 3 1.3402565890979818 3 4 4 10 10 0.5953029830446531 0.5953029830446531 17
286 9 6 1.341025646567051 4 1.341025646567051 4 3 3 8 8 0.618698991337769 0.618698991337769 22
286 9 11 1.341954928672299 4 1.341954928672299 4 4 4 8 8 0.5999905688716874 0.5999905688716874 16
286 9 7 1.3389374283981184 4 1.3389374283981184 4 4 4 8 8 0.6077975297817955 0.6077975297817955 16
286 9 11 1.3626830718933265 4 1.3626830718933265 4 4 4 8 8 0.5887155385407133 0.5887155385407133 18
286 9 6 1.378986905008233 3 1.378986905008233 3 4 4 8 8 0.6052704579802483 0.6052704579802483 14
286 9 8 1.3654185383234259 4 1.3654185383234259 4 4 4 8 8 0.5794998162516671 0.5794998162516671 17
286 9 14 1.3591988962361612 4 1.3591988962361612 4 6 6 9 9 0.5990910096576492 0.5990910096576492 17
286 9 11 1.40203116104274 4 1.40203116104274 4 6 6 10 10 0.6012072274107065 0.6012072274107065 20
286 9 10 1.3280566664551228 3 1.3280566664551228 3 5 5 9 9 0.6029310142072384 0.6029310142072384 15
286 9 7 1.3695639487326345 4 1.3695639487326345 4 4 4 8 8 0.6022534866066334 0.6022534866066334 16
286 9 11 1.3626715187519767 3 1.3626715187519767 3 6 6 8 8 0.5925504858852083 0.5925504858852083 20
286 9 7 1.3720330497275637 3 1.3720330497275637 3 5 5 9 9 0.6133641077259956 0.6133641077259956 18
286 9 10 1.3158765720302594 3 1.3158765720302594 3 5 5 9 9 0.5823418916770416 0.5823418916770416 18
286 9 7 1.33910045111811 4 1.33910045111811 4 6 6 8 8 0.5966641969598572 0.5966641969598572 17
286 9 14 1.336100726706887 4 1.336100726706887 4 5 5 9 9 0.610367966281171 0.610367966281171 17
286 9 11 1.384687950933778 3 1.384687950933778 3 4 4 8 8 0.6119068625624563 0.6119068625624563 16
286 9 10 1.411594693735719 3 1.411594693735719 3 6 6 9 9 0.5938835348800386 0.5938835348800386 14
286 9 6 1.31577113447789 3 1.31577113447789 3 4 4 8 8 0.6426678497758734 0.6426678497758734 19
286 9 6 1.3510376034120204 3 1.3510376034120204 3 4 4 8 8 0.6184073502255323 0.6184073502255323 16
286 9 6 1.3622071534374298 4 1.3622071534374298 4 3 3 9 9 0.6218284629123793 0.6218284629123793 15
286 9 13 1.3315112294332412 4 1.3315112294332412 4 7 7 9 9 0.5761644749509821 0.5761644749509821 17
286 9 13 1.3247182820507104 4 1.3247182820507104 4 5 5 8 8 0.6184335478041771 0.6184335478041771 14
286 9 12 1.351326174986546 4 1.351326174986546 4 5 5 9 9 0.5991821455545235 0.5991821455545235 17
286 9 12 1.3298340299415083 3 1.3298340299415083 3 7 7 8 8 0.5940293971762505 0.5940293971762505 16
286 9 11 1.342064780147687 3 1.342064780147687 3 4 4 9 9 0.615970218592596 0.615970218592596 16
286 9 12 1.3321208984039337 3 1.3321208984039337 3 6 6 8 8 0.6083364382315427 0.6083364382315427 15
286 9 10 1.3919280072197964 3 1.3919280072197964 3 6 6 9 9 0.6340238481409808 0.6340238481409808 16
286 9 10 1.3484922522807514 4 1.3484922522807514 4 6 6 8 8 0.6262756571323003 0.6262756571323003 14
286 9 7 1.3603552187118166 3 1.3603552187118166 3 3 3 8 8 0.6157400922698126 0.6157400922698126 18
286 9 16 1.3435840334773925 3 1.3435840334773925 3 6 6 9 9 0.6273642101876362 0.6273642101876362 16
286 9 8 1.3106459820299037 4 1.3106459820299037 4 5 5 9 9 0.6186329016748596 0.6186329016748596 14
286 9 10 1.3240438976069602 3 1.3240438976069602 3 7 7 8 8 0.6184992743327792 0.6184992743327792 17
286 9 10 1.377886876455693 3 1.377886876455693 3 6 6 9 9 0.6245319851089081 0.6245319851089081 14
286 9 11 1.3112379448180476 4 1.3112379448180476 4 6 6 8 8 0.6257264092002885 0.6257264092002885 17
286 9 22 1.3460055439893608 4 1.3460055439893608 4 6 6 9 9 0.6275170985777137 0.6275170985777137 22
286 9 11 1.3921155100456135 3 1.3921155100456135 3 5 5 8 8 0.6028537701614622 0.6028537701614622 14
286 9 9 1.328540399870379 3 1.328540399870379 3 5 5 8 8 0.6037744986171564 0.6037744986171564 15
286 9 8 1.3716698928434672 3 1.3716698928434672 3 5 5 9 9 0.5849503740237999 0.5849503740237999 15
286 9 5 1.3649246424925852 4 1.3649246424925852 4 4 4 8 8 0.5822488837392272 0.5822488837392272 22
286 9 3 1.36518620625592 3 1.36518620625592 3 3 3 8 8 0.6404617429967074 0.6404617429967074 14
286 9 10 1.3815198030489213 4 1.3815198030489213 4 5 5 9 9 0.6113391755874273 0.6113391755874273 15
286 9 12 1.350916743296599 4 1.350916743296599 4 6 6 9 9 0.5883580968371183 0.5883580968371183 15
286 9 11 1.3519589258686728 3 1.3519589258686728 3 7 7 8 8 0.5903040295779909 0.5903040295779909 18
286 9 8 1.3494620684456808 3 1.3494620684456808 3 4 4 11 11 0.6010608466902169 0.6010608466902169 16
286 9 7 1.3429093872429907 4 1.3429093872429907 4 4 4 8 8 0.6080175534849536 0.6080175534849536 17
286 9 9 1.328351214653163 3 1.328351214653163 3 6 6 9 9 0.6039229661170221 0.6039229661170221 16
286 9 11 1.3939396019651413 4 1.3939396019651413 4 6 6 8 8 0.5889230502040103 0.5889230502040103 21
286 9 9 1.3752527393354201 3 1.3752527393354201 3 6 6 8 8 0.6051010983394776 0.6051010983394776 17
286 9 12 1.3359989046631382 3 1.3359989046631382 3 5 5 9 9 0.6106476953504925 0.6106476953504925 16
286 9 7 1.3308161162328067 3 1.3308161162328067 3 3 3 9 9 0.6080300923652431 0.6080300923652431 17
286 9 12 1.3265603532108574 4 1.3265603532108574 4 8 8 9 9 0.6044021004248277 0.6044021004248277 16
286 9 12 1.3239612043918667 3 1.3239612043918667 3 6 6 8 8 0.6097515052934636 0.6097515052934636 14
286 9 10 1.3317056383089165 3 1.3317056383089165 3 5 5 9 9 0.610013495634125 0.610013495634125 16
286 9 10 1.3646549080920678 4 1.3646549080920678 4 6 6 8 8 0.6247039650632772 0.6247039650632772 19
286 9 5 1.3887805236873954 3 1.3887805236873954 3 3 3 9 9 0.6142405865307964 0.6142405865307964 14
286 9 8 1.3299068879383615 4 1.3299068879383615 4 5 5 8 8 0.6004951362340293 0.6004951362340293 17
286 9 8 1.3455978932440913 4 1.3455978932440913 4 5 5 9 9 0.6052568909328637 0.6052568909328637 19
286 9 12 1.3409433676702411 4 1.3409433676702411 4 5 5 8 8 0.6098648583351385 0.6098648583351385 16
286 9 9 1.3897998633315065 4 1.3897998633315065 4 4 4 10 10 0.5997211073697086 0.5997211073697086 16
286 9 9 1.3337055083206077 4 1.3337055083206077 4 5 5 9 9 0.6059427072538961 0.6059427072538961 15
286 9 14 1.333023354764424 3 1.333023354764424 3 6 6 8 8 0.6120319899603119 0.6120319899603119 16
286 9 6 1.347533493957038 3 1.347533493957038 3 6 6 8 8 0.6070888804280412 0.6070888804280412 14
286 9 2 1.3432658322804154 3 1.3432658322804154 3 2 2 8 8 0.5843789999821469 0.5843789999821469 16
286 9 5 1.3654489008061108 3 1.3654489008061108 3 4 4 8 8 0.6073525833141216 0.6073525833141216 16
286 9 7 1.3867746945835289 4 1.3867746945835289 4 5 5 10 10 0.6143956099889873 0.6143956099889873 17
286 9 9 1.3350912969631739 3 1.3350912969631739 3 3 3 8 8 0.5867094249961388 0.5867094249961388 15
286 9 11 1.3504047522985274 3 1.3504047522985274 3 6 6 9 9 0.581250892778394 0.581250892778394 19
286 9 12 1.3621200343431794 3 1.3621200343431794 3 6 6 8 8 0.5985008409936422 0.5985008409936422 18
286 9 10 1.3934559630881242 4 1.3934559630881242 4 5 5 8 8 0.6057235014402846 0.6057235014402846 18
286 9 10 1.352326306546058 4 1.352326306546058 4 4 4 8 8 0.5942076865385174 0.5942076865385174 17
286 9 13 1.3548157498634765 3 1.3548157498634765 3 5 5 9 9 0.6211293659720236 0.6211293659720236 16
286 9 13 1.3429740457688182 4 1.3429740457688182 4 5 5 9 9 0.6217698456874723 0.6217698456874723 17
286 9 6 1.342319402878798 4 1.342319402878798 4 5 5 9 9 0.5922458976989006 0.5922458976989006 18
286 9 8 1.3520868481445545 4 1.3520868481445545 4 5 5 9 9 0.6032214078028558 0.6032214078028558 17
286 9 3 1.3915309684926829 3 1.3915309684926829 3 2 2 8 8 0.609546155088113 0.609546155088113 15
286 9 6 1.352057754275719 4 1.352057754275719 4 5 5 8 8 0.5991501893599799 0.5991501893599799 15
286 9 12 1.3645852525123106 3 1.3645852525123106 3 5 5 8 8 0.6073668763147048 0.6073668763147048 19
286 9 5 1.3727449967150873 3 1.3727449967150873 3 3 3 9 9 0.6140635248589789 0.6140635248589789 18
286 9 8 1.3661771598271484 3 1.3661771598271484 3 5 5 10 10 0.6094437953266629 0.6094437953266629 16
286 9 4 1.3360916857618892 4 1.3360916857618892 4 3 3 11 11 0.5789906588288675 0.5789906588288675 23
286 9 9 1.340828538285759 4 1.340828538285759 4 4 4 9 9 0.5907838131177291 0.5907838131177291 16
286 9 8 1.3910805023770234 4 1.3910805023770234 4 6 6 9 9 0.5967062318023856 0.5967062318023856 18
286 9 9 1.3156545981514582 3 1.3156545981514582 3 6 6 8 8 0.60429377343713 0.60429377343713 14
286 9 10 1.350414859679837 4 1.350414859679837 4 4 4 10 10 0.58793490292102 0.58793490292102 18
286 9 6 1.345401384489891 3 1.345401384489891 3 5 5 9 9 0.6221394087652828 0.6221394087652828 15
286 9 9 1.3253838187541864 3 1.3253838187541864 3 6 6 10 10 0.5840936435701968 0.5840936435701968 18
286 9 10 1.3886136483178562 3 1.3886136483178562 3 5 5 9 9 0.5882743422079084 0.5882743422079084 15
286 9 10 1.3357031719046575 4 1.3357031719046575 4 5 5 10 10 0.6076632168748254 0.6076632168748254 19
286 9 4 1.3825692674546586 4 1.3825692674546586 4 4 4 8 8 0.5870114491180928 0.5870114491180928 16
286 9 8 1.3398779433326278 3 1.3398779433326278 3 4 4 9 9 0.6119224501217508 0.6119224501217508 14
286 9 10 1.3916842393979676 3 1.3916842393979676 3 5 5 9 9 0.6155923912916915 0.6155923912916915 15
286 9 9 1.336162852380712 4 1.336162852380712 4 5 5 8 8 0.6078008056206328 0.6078008056206328 18
286 9 11 1.397296852857642 3 1.397296852857642 3 6 6 10 10 0.6111852103059426 0.6111852103059426 17
286 9 10 1.3112263866202252 4 1.3112263866202252 4 6 6 8 8 0.5914792655125853 0.5914792655125853 17
286 9 7 1.3138505482828207 4 1.3138505482828207 4 6 6 8 8 0.6032428042043425 0.6032428042043425 18
286 9 12 1.3548261499789913 4 1.3548261499789913 4 7 7 8 8 0.613464276936099 0.613464276936099 17
286 9 9 1.2876170892737273 4 1.2876170892737273 4 6 6 8 8 0.6282671776552897 0.6282671776552897 16
286 9 11 1.3518844471851295 4 1.3518844471851295 4 5 5 9 9 0.5998753478444259 0.5998753478444259 19
286 9 9 1.3271051829625011 4 1.3271051829625011 4 7 7 8 8 0.6070124793849596 0.6070124793849596 17
286 9 13 1.3403510900567388 4 1.3403510900567388 4 6 6 9 9 0.6212556334496894 0.6212556334496894 16
286 9 6 1.3727971617822226 4 1.3727971617822226 4 2 2 8 8 0.6042052104062269 0.6042052104062269 19
286 9 8 1.3415302160192943 4 1.3415302160192943 4 4 4 8 8 0.6184854578211216 0.6184854578211216 15
286 9 6 1.3620960303644725 4 1.3620960303644725 4 4 4 9 9 0.591167493208835 0.591167493208835 18
286 9 4 1.3391342401890598 4 1.3391342401890598 4 3 3 9 9 0.5828444031257473 0.5828444031257473 19
286 9 11 1.338051779913137 3 1.338051779913137 3 5 5 9 9 0.6113673339891974 0.6113673339891974 18
286 9 15 1.3323107648213652 3 1.3323107648213652 3 8 8 9 9 0.6298440013526403 0.6298440013526403 18
286 9 14 1.3664852851068976 3 1.3664852851068976 3 6 6 8 8 0.6084789420498412 0.6084789420498412 19
286 9 16 1.3417377116875118 4 1.3417377116875118 4 5 5 8 8 0.5928834665722772 0.5928834665722772 16
286 9 11 1.3519255894476148 3 1.3519255894476148 3 6 6 9 9 0.616637091369712 0.616637091369712 17
286 9 10 1.3674560093759787 3 1.3674560093759787 3 5 5 8 8 0.599191828955815 0.599191828955815 16
286 9 5 1.3390845307417485 3 1.3390845307417485 3 3 3 9 9 0.5988720972112581 0.5988720972112581 15
286 9 9 1.3565398311068313 3 1.3565398311068313 3 4 4 9 9 0.6081819307343787 0.6081819307343787 15
286 9 10 1.357643743291442 3 1.357643743291442 3 4 4 9 9 0.6102492980989483 0.6102492980989483 18
286 9 9 1.3672532266826534 3 1.3672532266826534 3 4 4 9 9 0.6082703912249374 0.6082703912249374 15
286 9 8 1.3113537584539592 3 1.3113537584539592 3 6 6 8 8 0.6135364150224292 0.6135364150224292 14
286 9 10 1.3684164463134403 4 1.3684164463134403 4 6 6 9 9 0.6065285341821697 0.6065285341821697 20
286 9 13 1.3573306197160255 4 1.3573306197160255 4 6 6 8 8 0.6021128849290048 0.6021128849290048 19
286 9 11 1.3937876600820969 4 1.3937876600820969 4 6 6 9 10 0.5928475818824439 0.5933304323652944 18
286 9 8 1.3364837756840693 3 1.3364837756840693 3 5 5 9 9 0.5594412908609743 0.5594412908609743 17
286 9 6 1.3389948742780937 3 1.3389948742780937 3 3 3 8 8 0.6055576028478127 0.6055576028478127 16
286 9 13 1.3454002875319835 4 1.3454002875319835 4 5 5 7 7 0.5948056933582434 0.5948056933582434 18
286 9 15 1.3571450188016776 3 1.3571450188016776 3 6 6 9 9 0.6118047978804871 0.6118047978804871 18
286 9 4 1.3603035829345873 3 1.3603035829345873 3 4 4 9 9 0.6360703818668644 0.6360703818668644 17
286 9 9 1.3648370422270348 3 1.3648370422270348 3 6 6 8 8 0.6092111696449304 0.6092111696449304 19
286 9 11 1.3450406379248498 3 1.3450406379248498 3 6 6 9 9 0.6166038798031802 0.6166038798031802 15
286 9 5 1.375689405863514 3 1.375689405863514 3 4 4 9 9 0.5829465843014795 0.5829465843014795 16
286 9 8 1.3067356111336574 4 1.3067356111336574 4 6 6 9 9 0.590715596392273 0.590715596392273 17
286 9 3 1.3553286849989423 4 1.3553286849989423 4 3 3 9 9 0.5917739511733756 0.5917739511733756 17
286 9 9 1.354762421849305 3 1.354762421849305 3 4 4 9 9 0.5856622160065622 0.5856622160065622 19
286 9 5 1.338503916199777 5 1.338503916199777 5 4 4 9 9 0.6136309697318539 0.6136309697318539 17
286 9 11 1.3643621593532331 3 1.3643621593532331 3 6 6 9 10 0.6190365869561669 0.6197650251846052 15
286 9 7 1.3102077662594225 4 1.3102077662594225 4 6 6 9 9 0.5844846769770731 0.5844846769770731 19
286 9 7 1.3331203086398724 4 1.3331203086398724 4 6 6 8 8 0.5964128577327882 0.5964128577327882 16
286 9 4 1.347317796832831 4 1.347317796832831 4 3 3 9 9 0.6063783923923778 0.6063783923923778 16
286 9 13 1.4346901259209894 3 1.4346901259209894 3 5 5 8 8 0.5872508227866104 0.5872508227866104 17
286 9 10 1.3459746999350193 3 1.3459746999350193 3 6 6 8 8 0.6200145619726037 0.6200145619726037 16
286 9 12 1.3603553654690341 3 1.3603553654690341 3 5 5 8 8 0.60272292781034 0.60272292781034 16
286 9 7 1.3451639030336018 4 1.3451639030336018 4 5 5 8 8 0.6218624227365482 0.6218624227365482 14

