11 423 6.0 6.0 4.0 4.0 3524 5203 9560 62 3524 5203 9560 768 52462 2 3 50.0 true true 3577753419728408930
11 423 6.0 6.0 4.0 4.0 3440 5269 9692 42 3440 5269 9692 946 52660 2 2 50.0 true true -8953044614786951597
11 423 6.0 6.0 4.0 4.0 3488 5171 9496 52 3488 5171 9496 780 51872 2 2 50.0 true true 7691591305374343004
11 423 7.0 7.0 4.0 4.0 4312 5259 9672 128 4312 5259 9672 1046 54552 2 3 75.0 true true -848037468921377998
11 423 6.0 6.0 4.0 4.0 4064 5315 9784 134 4064 5315 9784 1220 54570 2 2 50.0 true true 7799010938802430625
11 423 6.0 6.0 4.0 4.0 3128 5139 9432 62 3128 5139 9432 894 48628 2 2 50.0 true true 7050696450741543284
11 423 7.0 7.0 4.0 4.0 3764 5317 9788 66 3764 5317 9788 844 55290 2 2 75.0 true true -2691298915020900426
11 423 6.0 6.0 4.0 4.0 3088 4925 9004 54 3088 4925 9004 816 44334 2 3 50.0 true true 5267788409693271340
11 423 6.0 6.0 4.0 4.0 3380 5209 9572 80 3380 5209 9572 892 49874 2 2 50.0 true true 5799579335669806717
11 423 5.0 5.0 4.0 4.0 3060 5047 9248 36 3060 5047 9248 616 46766 2 2 25.0 true true 913596689287635829
11 423 6.0 6.0 4.0 4.0 3299 5149 9452 70 3300 5149 9452 790 50830 2 3 50.0 true true -3491674575265949226
11 423 5.0 5.0 4.0 4.0 4280 5495 10144 140 4280 5495 10144 1454 62724 2 3 25.0 true true 804977388613308501
11 423 6.0 6.0 4.0 4.0 3936 5267 9688 100 3936 5267 9688 1214 55982 2 2 50.0 true true 8296162163011549146
11 423 6.0 6.0 4.0 4.0 3224 5235 9624 62 3224 5235 9624 972 52136 2 3 50.0 true true -6379059641820182083
11 423 6.0 6.0 4.0 4.0 3272 5097 9348 84 3272 5097 9348 838 46312 2 2 50.0 true true 4032043038684431578
11 423 6.0 6.0 4.0 4.0 3156 5025 9204 52 3156 5025 9204 918 48216 2 2 50.0 true true -6642785490593799196
11 423 6.0 6.0 4.0 4.0 3988 5325 9804 74 3988 5325 9804 1104 54314 2 2 50.0 true true -7395535830770786667
11 423 6.0 6.0 5.0 5.0 3472 5201 9556 50 3472 5201 9556 832 51276 2 2 20.0 true true 1397771292879277342
11 423 6.0 6.0 4.0 4.0 3180 5117 9388 84 3180 5117 9388 886 46068 2 3 50.0 true true -3463300101668963080
11 423 5.0 5.0 4.0 4.0 3008 5101 9356 98 3008 5101 9356 878 49378 2 3 25.0 true true -12041575093085566
11 423 6.0 6.0 4.0 4.0 3224 5131 9416 56 3224 5131 9416 854 48088 2 3 50.0 true true -2741324529225361090
11 423 6.0 6.0 4.0 4.0 3360 5167 9488 78 3360 5167 9488 974 50634 2 3 50.0 true true 4239747716982248490
11 423 6.0 6.0 4.0 4.0 4148 5219 9592 110 4148 5219 9592 1056 53344 2 2 50.0 true true 5777075742970163196
11 423 6.0 6.0 4.0 4.0 2992 5051 9256 58 2992 5051 9256 744 45392 2 3 50.0 true true -2694914101812516446
11 423 6.0 6.0 4.0 4.0 3012 5023 9200 84 3012 5023 9200 838 46746 2 2 50.0 true true 1551477575785185387
11 423 5.0 5.0 4.0 4.0 3664 5113 9380 98 3664 5113 9380 1064 50658 2 3 25.0 true true -5317866160637562337
11 423 6.0 6.0 4.0 4.0 3100 5091 9336 56 3100 5091 9336 886 48140 2 3 50.0 true true 8607704403754271515
11 423 6.0 6.0 4.0 4.0 4096 5257 9668 62 4096 5257 9668 940 51800 2 2 50.0 true true 4892602529778048717
11 423 6.0 6.0 4.0 4.0 4000 5133 9420 114 4000 5133 9420 1260 52294 2 3 50.0 true true 6785290139323632704
11 423 5.0 5.0 4.0 4.0 2920 5045 9244 50 2920 5045 9244 876 46468 2 2 25.0 true true 5584375286856975539
11 423 6.0 6.0 4.0 4.0 4194 5269 9692 102 4196 5269 9692 1140 56668 2 3 50.0 true true 2798154203168425621
11 423 6.0 6.0 4.0 4.0 3748 5319 9792 90 3748 5319 9792 922 55076 2 2 50.0 true true 2126226626546586749
11 423 6.0 6.0 4.0 4.0 3870 5221 9596 102 3872 5221 9596 1212 53916 2 3 50.0 true true 6887965002919096635
11 423 6.0 6.0 4.0 4.0 3780 5147 9448 86 3780 5147 9448 846 50294 2 2 50.0 true true 1882983651712767884
11 423 6.0 6.0 4.0 4.0 3316 5073 9300 64 3316 5073 9300 878 48466 2 2 50.0 true true -5871552533577994861
11 423 7.0 7.0 4.0 4.0 3396 5137 9428 104 3396 5137 9428 894 47706 2 3 75.0 true true 3844853684883664739
11 423 5.0 5.0 4.0 4.0 3728 5187 9528 72 3728 5187 9528 782 51734 2 3 25.0 true true 3028296350929667757
11 423 5.0 5.0 4.0 4.0 3308 5213 9580 68 3308 5213 9580 860 50310 2 2 25.0 true true 8748149695754605846
11 423 8.0 8.0 4.0 4.0 3252 5121 9396 52 3252 5121 9396 800 46988 2 2 100.0 true true 6151978553780215701
11 423 5.0 5.0 4.0 4.0 3568 5299 9752 74 3568 5299 9752 884 51864 2 2 25.0 true true 680522798812324200
11 423 6.0 6.0 4.0 4.0 3884 5241 9636 104 3884 5241 9636 828 49842 2 2 50.0 true true 5329584709086549147
11 423 6.0 6.0 4.0 4.0 3728 5281 9716 94 3728 5281 9716 1052 55260 2 2 50.0 true true -5353346278068801596
11 423 7.0 7.0 4.0 4.0 3668 5135 9424 56 3668 5135 9424 902 49622 2 2 75.0 true true -7853123274367455320
11 423 6.0 6.0 4.0 4.0 3504 5221 9596 60 3504 5221 9596 904 50624 2 3 50.0 true true 506021012868064294
11 423 6.0 6.0 4.0 4.0 4608 5373 9900 130 4608 5373 9900 1186 57946 2 3 50.0 true true 3921491259315811399
11 423 6.0 6.0 4.0 4.0 3452 4961 9076 78 3452 4961 9076 954 46204 2 2 50.0 true true 5377259158768746687
11 423 6.0 6.0 4.0 4.0 3344 5107 9368 78 3344 5107 9368 924 47808 2 2 50.0 true true -6855646960163284796
11 423 6.0 6.0 5.0 5.0 3616 5151 9456 104 3616 5151 9456 966 52184 2 2 20.0 true true 1288578110673253986
11 423 7.0 7.0 4.0 4.0 3256 5229 9612 78 3256 5229 9612 838 48878 2 3 75.0 true true 3805992954995640625
11 423 6.0 6.0 4.0 4.0 3284 5095 9344 68 3284 5095 9344 876 47814 2 3 50.0 true true -2652854974303574197
11 423 5.0 5.0 4.0 4.0 3488 5057 9268 54 3488 5057 9268 966 49464 2 2 25.0 true true -2805388999751255795
11 423 6.0 6.0 4.0 4.0 3864 5299 9752 104 3864 5299 9752 1140 55222 2 2 50.0 true true -2005039453971375161
11 423 6.0 6.0 4.0 4.0 3692 5271 9696 68 3692 5271 9696 1086 53990 2 2 50.0 true true -808124949187726749
11 423 5.0 5.0 4.0 4.0 3556 5093 9340 90 3556 5093 9340 1014 50254 2 2 25.0 true true 3379588878511516568
11 423 6.0 6.0 4.0 4.0 3368 5191 9536 64 3368 5191 9536 882 49154 2 2 50.0 true true -288381051691532569
11 423 5.0 5.0 4.0 4.0 4016 5309 9772 62 4016 5309 9772 1120 57126 2 2 25.0 true true -7287981672952163245
11 423 6.0 6.0 4.0 4.0 3784 5091 9336 90 3784 5091 9336 1044 49284 2 2 50.0 true true -2246481833309848767
11 423 5.0 5.0 4.0 4.0 3684 5267 9688 80 3684 5267 9688 1062 54260 2 2 25.0 true true 2961119126297652331
11 423 7.0 7.0 5.0 4.0 3536 5155 9464 104 3536 5155 9464 950 49634 2 2 40.0 true true -2824828114662062474
11 423 6.0 6.0 4.0 4.0 3088 5103 9360 44 3088 5103 9360 812 47354 2 2 50.0 true true 5903904964569477107
11 423 7.0 7.0 4.0 4.0 4060 5093 9340 114 4060 5093 9340 1246 52210 2 2 75.0 true true -5720907023083084079
11 423 6.0 6.0 4.0 4.0 4060 5339 9832 82 4060 5339 9832 974 56408 2 3 50.0 true true -8322382226393907578
11 423 6.0 6.0 4.0 4.0 3036 5049 9252 38 3036 5049 9252 590 46670 2 2 50.0 true true 6412909195779912171
11 423 6.0 6.0 4.0 4.0 3364 5057 9268 70 3364 5057 9268 674 48056 2 2 50.0 true true 6275528769993249055
11 423 6.0 6.0 4.0 4.0 3428 5097 9348 76 3428 5097 9348 978 48758 2 2 50.0 true true -6768330705832826192
11 423 5.0 5.0 4.0 4.0 3860 5435 10024 110 3860 5435 10024 1154 58146 2 2 25.0 true true -1164304616599931290
11 423 6.0 6.0 4.0 4.0 3608 5285 9724 68 3608 5285 9724 744 51168 2 2 50.0 true true -963111552522217568
11 423 5.0 5.0 4.0 4.0 3372 5167 9488 70 3372 5167 9488 1008 50558 2 2 25.0 true true -1457576800976809770
11 423 5.0 5.0 4.0 4.0 3579 5287 9728 80 3580 5287 9728 986 52950 2 3 25.0 true true 8495690994024965423
11 423 6.0 6.0 4.0 4.0 3224 5011 9176 60 3224 5011 9176 918 47068 2 2 50.0 true true -5037215451557003941
11 423 7.0 7.0 5.0 5.0 4024 5397 9948 130 4024 5397 9948 994 54496 2 2 40.0 true true -2862531101314850041
11 423 6.0 6.0 4.0 4.0 3547 5187 9528 76 3548 5187 9528 856 50832 2 3 50.0 true true 4297312192762617214
11 423 7.0 7.0 4.0 4.0 3908 5259 9672 48 3908 5259 9672 878 52626 2 3 75.0 true true -7928189780580374376
11 423 5.0 5.0 4.0 4.0 3367 5039 9232 54 3368 5039 9232 734 46086 2 3 25.0 true true 8111338905769132905
11 423 6.0 6.0 4.0 4.0 3400 5087 9328 60 3400 5087 9328 988 48296 2 2 50.0 true true 2286017885332292441
11 423 5.0 5.0 4.0 4.0 3552 5167 9488 76 3552 5167 9488 964 49690 2 3 25.0 true true 1548530016921387839
11 423 6.0 6.0 4.0 4.0 3400 5219 9592 64 3400 5219 9592 764 52258 2 3 50.0 true true 5015954215326143759
11 423 6.0 6.0 4.0 4.0 3620 5189 9532 62 3620 5189 9532 980 50278 2 2 50.0 true true 6334343320816797958
11 423 5.0 5.0 4.0 4.0 3436 5239 9632 66 3436 5239 9632 842 51458 2 3 25.0 true true -5023407849554704315
11 423 7.0 7.0 4.0 4.0 3764 5237 9628 66 3764 5237 9628 994 52978 2 2 75.0 true true 2721944145627493195
11 423 6.0 6.0 4.0 4.0 3136 5111 9376 54 3136 5111 9376 892 47308 2 2 50.0 true true -4688636146589190072
11 423 9.0 9.0 4.0 4.0 3464 5125 9404 60 3464 5125 9404 968 48814 2 2 125.0 true true 1562282482581958405
11 423 6.0 6.0 4.0 4.0 3296 4973 9100 72 3296 4973 9100 952 46976 2 3 50.0 true true 9114680297106453047
11 423 6.0 6.0 4.0 4.0 3828 5329 9812 76 3828 5329 9812 1072 55222 2 3 50.0 true true 8457904198060822323
11 423 7.0 7.0 4.0 4.0 3736 5145 9444 94 3736 5145 9444 1012 51862 2 2 75.0 true true -5163254739322699973
11 423 5.0 5.0 4.0 4.0 3368 5089 9332 76 3368 5089 9332 1026 49208 2 2 25.0 true true -6084961966368306021
11 423 6.0 6.0 4.0 4.0 3496 5095 9344 72 3496 5095 9344 880 49052 2 3 50.0 true true 2637082022267279870
11 423 6.0 6.0 4.0 4.0 3275 4987 9128 80 3276 4987 9128 1038 47274 2 3 50.0 true true 7570253747432156312
11 423 6.0 6.0 4.0 4.0 3528 5275 9704 76 3528 5275 9704 898 53986 2 3 50.0 true true 4881393230705007958
11 423 6.0 6.0 4.0 4.0 3708 5169 9492 104 3708 5169 9492 1026 51278 2 2 50.0 true true -1351809996772472916
11 423 6.0 6.0 4.0 4.0 3428 5203 9560 58 3428 5203 9560 860 51998 2 3 50.0 true true 2916903709597577903
11 423 10.0 10.0 4.0 4.0 3812 5223 9600 64 3812 5223 9600 902 53440 2 3 150.0 true true 7048247594644007328
11 423 5.0 5.0 4.0 4.0 3416 5147 9448 96 3416 5147 9448 886 48964 2 3 25.0 true true 3108768877121798410
11 423 6.0 6.0 4.0 4.0 3872 5259 9672 94 3872 5259 9672 1012 52280 2 3 50.0 true true -1374618609716187578
11 423 5.0 5.0 4.0 4.0 3460 5321 9796 52 3460 5321 9796 710 53198 2 2 25.0 true true 2654202536691540324
11 423 6.0 6.0 4.0 4.0 3136 4957 9068 64 3136 4957 9068 854 45554 2 3 50.0 true true -803544590263758156
11 423 6.0 6.0 4.0 4.0 3440 5057 9268 66 3440 5057 9268 890 47188 2 2 50.0 true true -1377589093975906428
11 423 6.0 6.0 4.0 4.0 3392 5193 9540 54 3392 5193 9540 724 49780 2 2 50.0 true true -777802988003238512
11 423 7.0 7.0 4.0 4.0 2940 5009 9172 70 2940 5009 9172 710 43780 2 2 75.0 true true 3650355999447788624
11 423 5.0 5.0 4.0 4.0 3088 5071 9296 54 3088 5071 9296 754 46476 2 3 25.0 true true 883473829341251381
12 461 6.0 6.0 4.0 4.0 4184 6065 11208 78 4184 6065 11208 954 61768 2 2 50.0 true true 3431860237171512898
12 461 6.0 6.0 4.0 4.0 4392 5989 11056 82 4392 5989 11056 970 61752 2 2 50.0 true true -8238865945356849748
12 461 5.0 5.0 4.0 4.0 5600 6381 11840 108 5600 6381 11840 1570 77562 2 2 25.0 true true 9022017407607439376
12 461 6.0 6.0 4.0 4.0 4812 6283 11644 102 4812 6283 11644 1054 69238 2 2 50.0 true true -2552000333795589824
12 461 8.0 8.0 4.0 4.0 4524 6055 11188 110 4524 6055 11188 1324 64462 2 3 100.0 true true 133908176517425836
12 461 7.0 7.0 4.0 4.0 4576 6209 11496 120 4576 6209 11496 1190 66392 2 2 75.0 true true 8056081483814006105
12 461 7.0 7.0 4.0 4.0 4700 6083 11244 118 4700 6083 11244 1374 69016 2 2 75.0 true true 528578833001714084
12 461 6.0 6.0 5.0 5.0 4808 6179 11436 134 4808 6179 11436 1414 67336 2 3 20.0 true true 794876870539156615
12 461 6.0 6.0 4.0 4.0 4592 5985 11048 158 4592 5985 11048 1454 63002 2 2 50.0 true true -7416134558246402591
12 461 6.0 6.0 4.0 4.0 4304 6085 11248 104 4304 6085 11248 1086 64266 2 2 50.0 true true 3834229995225817195
12 461 6.0 6.0 4.0 4.0 4868 6173 11424 86 4868 6173 11424 1238 67828 2 2 50.0 true true 6602952851496652467
12 461 5.0 5.0 4.0 4.0 3964 6107 11292 62 3964 6107 11292 986 64640 2 2 25.0 true true 1079195741418242313
12 461 6.0 6.0 4.0 4.0 3920 5893 10864 90 3920 5893 10864 1208 59936 2 2 50.0 true true 8724155951285332928
12 461 6.0 6.0 4.0 4.0 5164 6135 11348 118 5164 6135 11348 1548 68062 2 2 50.0 true true 7391172687026138090
12 461 6.0 6.0 4.0 4.0 4416 6121 11320 88 4416 6121 11320 1082 64472 2 3 50.0 true true 164309034155305770
12 461 6.0 6.0 4.0 4.0 4504 6183 11444 104 4504 6183 11444 1216 68666 2 2 50.0 true true -4529018724956458630
12 461 5.0 5.0 4.0 4.0 4204 6123 11324 88 4204 6123 11324 1090 64396 2 2 25.0 true true 2093855655195203996
12 461 6.0 6.0 4.0 4.0 4344 6037 11152 114 4344 6037 11152 1322 65324 2 3 50.0 true true -5133209997191754592
12 461 6.0 6.0 4.0 4.0 3732 5709 10496 64 3732 5709 10496 1040 54132 2 2 50.0 true true 2669178609093584713
12 461 9.0 9.0 4.0 4.0 4456 6047 11172 100 4456 6047 11172 1122 62598 2 2 125.0 true true 1324543263842329504
12 461 6.0 6.0 4.0 4.0 4900 6243 11564 132 4900 6243 11564 1512 70262 2 2 50.0 true true -405859846559670394
12 461 6.0 6.0 4.0 4.0 4576 5929 10936 96 4576 5929 10936 1096 61686 2 3 50.0 true true 5080374831036935170
12 461 6.0 6.0 4.0 4.0 4256 6083 11244 128 4256 6083 11244 1572 65424 2 3 50.0 true true -4537322756723848511
12 461 6.0 6.0 5.0 5.0 5232 6231 11540 114 5232 6231 11540 1420 71928 2 2 20.0 true true 2403733775542842818
12 461 6.0 6.0 5.0 5.0 5037 6233 11544 142 5040 6233 11544 1470 69576 2 3 20.0 true true -4100243492732339965
12 461 6.0 6.0 4.0 4.0 4220 5967 11012 76 4220 5967 11012 968 60704 2 3 50.0 true true 6305813953596784522
12 461 6.0 6.0 5.0 5.0 4516 6041 11160 94 4516 6041 11160 1186 65190 2 2 20.0 true true 8599400451990650115
12 461 6.0 6.0 4.0 4.0 4128 6117 11312 102 4128 6117 11312 1050 62210 2 3 50.0 true true -6076022959247806675
12 461 6.0 6.0 4.0 4.0 4968 6149 11376 138 4968 6149 11376 1366 68868 2 2 50.0 true true -164439117840928208
12 461 6.0 6.0 4.0 4.0 4096 5981 11040 88 4096 5981 11040 1228 61440 2 3 50.0 true true -1591165067758120633
12 461 6.0 6.0 4.0 4.0 4088 6019 11116 110 4088 6019 11116 1202 63712 2 3 50.0 true true 2452618892966705861
12 461 6.0 6.0 5.0 5.0 5268 6447 11972 124 5268 6447 11972 1348 74598 2 3 20.0 true true -3990806248071965836
12 461 5.0 5.0 4.0 4.0 4356 6089 11256 66 4356 6089 11256 952 62186 2 2 25.0 true true 8999092346619233362
12 461 6.0 6.0 4.0 4.0 3748 5907 10892 80 3748 5907 10892 1124 59730 2 2 50.0 true true 4410784995987944465
12 461 6.0 6.0 4.0 4.0 4728 6251 11580 108 4728 6251 11580 1348 68124 2 3 50.0 true true 2932446776169891860
12 461 6.0 6.0 4.0 4.0 4738 6289 11656 128 4740 6289 11656 1038 68546 2 3 50.0 true true 4842230016074170690
12 461 6.0 6.0 4.0 4.0 4748 6303 11684 112 4748 6303 11684 1194 69610 2 3 50.0 true true -1843674318789955043
12 461 6.0 6.0 4.0 4.0 4816 6269 11616 120 4816 6269 11616 1464 69938 2 2 50.0 true true -3209121863691539452
12 461 6.0 6.0 4.0 4.0 4339 5995 11068 96 4340 5995 11068 1066 62910 2 3 50.0 true true -5185692381333399956
12 461 6.0 6.0 4.0 4.0 4443 5989 11056 110 4444 5989 11056 1146 64238 2 3 50.0 true true -4098293442602501160
12 461 6.0 6.0 4.0 4.0 3936 5935 10948 100 3936 5935 10948 1216 61768 2 2 50.0 true true -8623859959457776042
12 461 7.0 7.0 4.0 4.0 4516 5995 11068 100 4516 5995 11068 1294 63792 2 2 75.0 true true -6749378848648648703
12 461 7.0 7.0 4.0 4.0 4280 6045 11168 112 4280 6045 11168 1094 61510 2 2 75.0 true true 3101450294048610609
12 461 6.0 6.0 4.0 4.0 5008 6037 11152 128 5008 6037 11152 1260 64934 2 3 50.0 true true -2005107792772557457
12 461 5.0 5.0 5.0 5.0 4504 6123 11324 106 4504 6123 11324 1368 66680 2 3 0.0 true true -8174875591997945532
12 461 6.0 6.0 4.0 4.0 4256 6277 11632 92 4256 6277 11632 1418 70418 2 2 50.0 true true 8361814882373720567
12 461 7.0 7.0 4.0 4.0 6120 6501 12080 186 6120 6501 12080 1604 79442 2 2 75.0 true true -225118728670013900
12 461 7.0 7.0 4.0 4.0 3912 5851 10780 70 3912 5851 10780 974 57306 2 2 75.0 true true -6753392197522558758
12 461 6.0 6.0 4.0 4.0 4076 5991 11060 94 4076 5991 11060 1206 61876 2 3 50.0 true true -3319179376902527781
12 461 6.0 6.0 4.0 4.0 4224 6015 11108 106 4224 6015 11108 1134 62758 2 2 50.0 true true 2159372427831108474
12 461 6.0 6.0 4.0 4.0 4560 6169 11416 108 4560 6169 11416 1306 67022 2 3 50.0 true true -3206143756161995416
12 461 6.0 6.0 4.0 4.0 4803 6195 11468 130 4804 6195 11468 1348 67170 2 3 50.0 true true 3290260895707167154
12 461 6.0 6.0 4.0 4.0 4132 6045 11168 92 4132 6045 11168 1244 60816 2 2 50.0 true true -524017591127735023
12 461 7.0 7.0 4.0 4.0 3984 5981 11040 82 3984 5981 11040 1090 60434 2 2 75.0 true true -8032414319188958567
12 461 5.0 5.0 4.0 4.0 4680 6081 11240 92 4680 6081 11240 1484 66632 2 2 25.0 true true -335136955688124248
12 461 7.0 7.0 4.0 4.0 3456 5867 10812 76 3456 5867 10812 822 55050 2 3 75.0 true true -5277354660572255436
12 461 6.0 6.0 4.0 4.0 4952 6179 11436 112 4952 6179 11436 1374 66790 2 2 50.0 true true 4009741450226831037
12 461 6.0 6.0 4.0 4.0 4384 5971 11020 102 4384 5971 11020 1030 61310 2 2 50.0 true true 2341051900976053693
12 461 7.0 7.0 4.0 4.0 5020 6143 11364 126 5020 6143 11364 1356 67478 2 2 75.0 true true -8096011344421038050
12 461 7.0 7.0 5.0 5.0 4840 6065 11208 90 4840 6065 11208 1100 63910 2 2 40.0 true true 5845096946606401097
12 461 6.0 6.0 4.0 4.0 4528 6109 11296 78 4528 6109 11296 1110 64486 2 2 50.0 true true -4547538418358773700
12 461 6.0 6.0 4.0 4.0 5132 6327 11732 122 5132 6327 11732 1462 72246 2 2 50.0 true true 3483381156435065655
12 461 5.0 5.0 4.0 4.0 4468 6147 11372 102 4468 6147 11372 1154 66136 2 3 25.0 true true -9221143014949819576
12 461 7.0 7.0 4.0 4.0 4992 6123 11324 128 4992 6123 11324 1402 66440 2 3 75.0 true true -7878594641850081703
12 461 6.0 6.0 4.0 4.0 4125 5963 11004 108 4128 5963 11004 1012 58598 2 3 50.0 true true 3812200976555470757
12 461 7.0 7.0 4.0 4.0 4391 6085 11248 94 4392 6085 11248 1108 63332 2 3 75.0 true true 3391047908638461849
12 461 6.0 6.0 5.0 5.0 4920 6203 11484 98 4920 6203 11484 1384 70122 2 2 20.0 true true -6090483459709948425
12 461 6.0 6.0 4.0 4.0 4468 6107 11292 120 4468 6107 11292 1262 65224 2 2 50.0 true true 5278026617177641807
12 461 6.0 6.0 4.0 4.0 4000 5787 10652 80 4000 5787 10652 1306 57796 2 3 50.0 true true 1168481903529603043
12 461 6.0 6.0 4.0 4.0 4048 6011 11100 84 4048 6011 11100 1026 62004 2 3 50.0 true true -1294814137008645519
12 461 6.0 6.0 4.0 4.0 5132 6301 11680 134 5132 6301 11680 1422 71780 2 2 50.0 true true -8610254499960078533
12 461 5.0 5.0 4.0 4.0 4228 5989 11056 82 4228 5989 11056 954 60908 2 2 25.0 true true -7936600016715810236
12 461 7.0 7.0 4.0 4.0 4504 6069 11216 118 4504 6069 11216 1298 65874 2 2 75.0 true true 314220929796829483
12 461 6.0 6.0 4.0 4.0 4780 6157 11392 106 4780 6157 11392 1084 66198 2 2 50.0 true true 6406833164612372947
12 461 6.0 6.0 5.0 5.0 5176 6299 11676 136 5176 6299 11676 1408 69240 2 3 20.0 true true -7277832810338509955
12 461 6.0 6.0 4.0 4.0 4248 5931 10940 96 4248 5931 10940 1094 62710 2 3 50.0 true true 7471088071532033071
12 461 6.0 6.0 5.0 5.0 5548 6387 11852 124 5548 6387 11852 1526 76596 2 2 20.0 true true -8772879929499252925
12 461 6.0 6.0 5.0 5.0 4228 6019 11116 74 4228 6019 11116 1088 63156 2 2 20.0 true true -3830084649567781112
12 461 5.0 5.0 4.0 4.0 4828 6083 11244 136 4828 6083 11244 1206 65124 2 3 25.0 true true -6863351819957209670
12 461 7.0 7.0 4.0 4.0 4548 6075 11228 82 4548 6075 11228 1336 65984 2 3 75.0 true true 7396342605199711118
12 461 6.0 6.0 4.0 4.0 4412 5937 10952 112 4412 5937 10952 1056 61356 2 3 50.0 true true -4817619777172796660
12 461 7.0 7.0 4.0 4.0 4820 6127 11332 130 4820 6127 11332 1346 64418 2 2 75.0 true true -4743833871428799490
12 461 6.0 6.0 4.0 4.0 4096 5823 10724 120 4096 5823 10724 1184 57266 2 2 50.0 true true 5933790597545069177
12 461 8.0 8.0 4.0 4.0 5076 6253 11584 112 5076 6253 11584 1056 70004 2 3 100.0 true true 1964950038662635009
12 461 6.0 6.0 4.0 4.0 3752 5803 10684 36 3752 5803 10684 710 55824 2 2 50.0 true true 4767555868765434149
12 461 6.0 6.0 4.0 4.0 4688 6081 11240 102 4688 6081 11240 1422 67954 2 2 50.0 true true -5800785174433484116
12 461 6.0 6.0 4.0 4.0 4160 6141 11360 140 4160 6141 11360 1328 64456 2 3 50.0 true true 5732227937227627013
12 461 6.0 6.0 4.0 4.0 5315 6207 11492 138 5316 6207 11492 1326 69488 2 3 50.0 true true 360043945716051809
12 461 6.0 6.0 4.0 4.0 4566 6069 11216 98 4568 6069 11216 1122 64528 2 3 50.0 true true -863271648594957651
12 461 6.0 6.0 4.0 4.0 4660 5993 11064 108 4660 5993 11064 1362 63024 2 3 50.0 true true 5697083157193633717
12 461 7.0 7.0 4.0 4.0 4380 6095 11268 120 4380 6095 11268 1250 63600 2 3 75.0 true true 1526432165812580
12 461 6.0 6.0 4.0 4.0 4887 6135 11348 110 4888 6135 11348 1236 65408 2 3 50.0 true true 9042102248661402238
12 461 6.0 6.0 4.0 4.0 4128 6059 11196 78 4128 6059 11196 1072 62326 2 3 50.0 true true 7739422939389599259
12 461 7.0 7.0 4.0 4.0 4884 6167 11412 96 4884 6167 11412 1232 68156 2 3 75.0 true true 4560883968731108253
12 461 6.0 6.0 4.0 4.0 5096 6437 11952 136 5096 6437 11952 1322 74792 2 3 50.0 true true -2138745291616147716
12 461 6.0 6.0 4.0 4.0 4484 6039 11156 90 4484 6039 11156 1038 63062 2 3 50.0 true true -2895355231837353084
12 461 6.0 6.0 4.0 4.0 4736 5923 10924 134 4736 5923 10924 1304 62408 2 2 50.0 true true 5907867468503579698
12 461 7.0 7.0 4.0 4.0 5040 6175 11428 138 5040 6175 11428 1450 66946 2 2 75.0 true true 8620675602531735413
12 461 8.0 8.0 4.0 4.0 4416 6095 11268 118 4416 6095 11268 1472 65874 2 2 100.0 true true 5241010238824376485
12 461 6.0 6.0 4.0 4.0 4768 6167 11412 120 4768 6167 11412 1452 70824 2 2 50.0 true true 4180402694628001901
12 461 5.0 5.0 4.0 4.0 4368 6143 11364 106 4368 6143 11364 1348 66300 2 2 25.0 true true 1996114254443937192
12 461 6.0 6.0 4.0 4.0 4172 6173 11424 70 4172 6173 11424 974 66190 2 2 50.0 true true 4565652189525982049
12 461 6.0 6.0 4.0 4.0 4644 6179 11436 144 4644 6179 11436 1396 68768 2 3 50.0 true true 4107761688590001598
12 461 6.0 6.0 4.0 4.0 4183 6053 11184 92 4184 6053 11184 870 60618 2 3 50.0 true true 5801688854343925021
12 461 7.0 7.0 4.0 4.0 4736 6083 11244 104 4736 6083 11244 1056 63912 2 2 75.0 true true 6589492823045991379
12 461 6.0 6.0 4.0 4.0 4332 5919 10916 94 4332 5919 10916 1134 61098 2 3 50.0 true true 8053875688159504723
12 461 6.0 6.0 4.0 4.0 4336 6077 11232 94 4336 6077 11232 1346 64696 2 2 50.0 true true -2049857282503266758
12 461 7.0 7.0 4.0 4.0 4104 5951 10980 96 4104 5951 10980 1066 60304 2 2 75.0 true true -6528256324719897451
12 461 8.0 8.0 4.0 4.0 4792 6143 11364 124 4792 6143 11364 1172 64788 2 3 100.0 true true -8943340335533618
12 461 6.0 6.0 4.0 4.0 4283 5963 11004 92 4284 5963 11004 1164 60168 2 3 50.0 true true -1899583847801493206
12 461 5.0 5.0 4.0 4.0 4376 6045 11168 96 4376 6045 11168 966 63124 2 3 25.0 true true 654934725171986294
12 461 6.0 6.0 4.0 4.0 4660 6237 11552 104 4660 6237 11552 1302 66958 2 3 50.0 true true 9053748586873498872
12 461 5.0 5.0 4.0 4.0 4500 6043 11164 108 4500 6043 11164 1432 67126 2 2 25.0 true true 4680802205853212735
12 461 6.0 6.0 4.0 4.0 4192 5915 10908 124 4192 5915 10908 1036 59198 2 2 50.0 true true -1545591974331973752
12 461 7.0 7.0 4.0 4.0 5396 6315 11708 152 5396 6315 11708 1562 74102 2 3 75.0 true true -8425617508916334333
12 461 7.0 7.0 4.0 4.0 4144 5923 10924 116 4144 5923 10924 1054 57848 2 3 75.0 true true -5182069260744899972
12 461 7.0 7.0 4.0 4.0 4852 6243 11564 184 4852 6243 11564 1348 71200 2 2 75.0 true true 6976962490138088683
12 461 6.0 6.0 4.0 4.0 5172 6149 11376 128 5172 6149 11376 1602 70382 2 3 50.0 true true 4698772711293324283
12 461 7.0 7.0 4.0 4.0 4564 6105 11288 120 4564 6105 11288 1210 63800 2 2 75.0 true true 8941520400170129439
12 461 6.0 6.0 4.0 4.0 4324 6029 11136 124 4324 6029 11136 1162 63778 2 2 50.0 true true 8915502633054466726
12 461 6.0 6.0 4.0 4.0 5072 6377 11832 136 5072 6377 11832 1452 74586 2 2 50.0 true true 6030680767213557231
12 461 7.0 7.0 4.0 4.0 4428 6035 11148 108 4428 6035 11148 1158 61680 2 2 75.0 true true -952539998510774629
12 461 7.0 7.0 4.0 4.0 3932 5769 10616 76 3932 5769 10616 1026 56528 2 2 75.0 true true -5197442252577567625
12 461 6.0 6.0 4.0 4.0 4775 6105 11288 134 4776 6105 11288 1302 64332 2 3 50.0 true true 4208592386298375060
12 461 5.0 5.0 4.0 4.0 5208 6473 12024 108 5208 6473 12024 1318 75208 2 3 25.0 true true 6881982397409339295
12 461 6.0 6.0 4.0 4.0 4064 5895 10868 100 4064 5895 10868 1050 58392 2 3 50.0 true true -7110658153443159010
12 461 6.0 6.0 4.0 4.0 4432 6257 11592 104 4432 6257 11592 1196 67080 2 3 50.0 true true 8872894115070921800
12 461 6.0 6.0 4.0 4.0 4472 6037 11152 80 4472 6037 11152 1102 61964 2 2 50.0 true true 7355411952591901121
12 461 5.0 5.0 4.0 4.0 4331 6007 11092 128 4332 6007 11092 1378 63172 2 3 25.0 true true -9202467804724552104
12 461 7.0 7.0 4.0 4.0 4532 6131 11340 82 4532 6131 11340 1162 64572 2 3 75.0 true true 3989199759670254538
12 461 5.0 5.0 4.0 4.0 4708 6263 11604 88 4708 6263 11604 1090 70722 2 3 25.0 true true 1261511689502594785
12 461 8.0 8.0 5.0 5.0 5208 6465 12008 92 5208 6465 12008 1314 75514 2 2 60.0 true true 5401311170336001252
12 461 6.0 6.0 4.0 4.0 4472 5959 10996 102 4472 5959 10996 1124 61112 2 2 50.0 true true -110877406860873971
12 461 7.0 7.0 4.0 4.0 3960 5871 10820 96 3960 5871 10820 1034 55686 2 2 75.0 true true -6617652230288317185
12 461 6.0 6.0 4.0 4.0 5044 6339 11756 104 5044 6339 11756 1290 70732 2 2 50.0 true true -3898788185619805961
12 461 5.0 5.0 4.0 4.0 4412 6231 11540 102 4412 6231 11540 1046 66768 2 2 25.0 true true -5976163144137671795
12 461 7.0 7.0 4.0 4.0 4316 5965 11008 86 4316 5965 11008 1078 59472 2 2 75.0 true true 8094032701433857410
12 461 6.0 6.0 5.0 4.0 4764 6119 11316 96 4764 6119 11316 1108 66574 2 2 20.0 true true 1779951309782616650
12 461 5.0 5.0 4.0 4.0 4588 6161 11400 114 4588 6161 11400 1388 68494 2 3 25.0 true true -8296941598420622633
12 461 6.0 6.0 4.0 4.0 4920 6245 11568 98 4920 6245 11568 1344 73836 2 2 50.0 true true 5524527964884112993
12 461 6.0 6.0 4.0 4.0 4224 5903 10884 122 4224 5903 10884 1118 58988 2 3 50.0 true true 6518115735607468143
12 461 6.0 6.0 4.0 4.0 4412 5977 11032 96 4412 5977 11032 1228 61902 2 2 50.0 true true -2407422573731959782
12 461 6.0 6.0 4.0 4.0 4572 5989 11056 130 4572 5989 11056 1346 62762 2 2 50.0 true true -8608978953032043006
12 461 6.0 6.0 4.0 4.0 4596 6105 11288 146 4596 6105 11288 1390 65602 2 3 50.0 true true 983741150986180235
12 461 6.0 6.0 4.0 4.0 4512 6073 11224 96 4512 6073 11224 1290 68006 2 2 50.0 true true -2410495455744424042
12 461 7.0 7.0 4.0 4.0 4816 6261 11600 116 4816 6261 11600 1132 68204 2 2 75.0 true true 3382698942663307325
12 461 6.0 6.0 4.0 4.0 4724 5959 10996 142 4724 5959 10996 1246 60724 2 2 50.0 true true -6165238916397420537
12 461 6.0 6.0 4.0 4.0 4500 6059 11196 120 4500 6059 11196 1254 65832 2 2 50.0 true true -8757727062228073828
12 461 6.0 6.0 4.0 4.0 5628 6239 11556 122 5628 6239 11556 1232 70740 2 2 50.0 true true 6487550059117031220
12 461 6.0 6.0 4.0 4.0 4700 6089 11256 140 4700 6089 11256 1340 67072 2 2 50.0 true true -3184476354556512012
12 461 6.0 6.0 4.0 4.0 5256 6475 12028 86 5256 6475 12028 1130 77758 2 2 50.0 true true 7666437222072746814
12 461 7.0 7.0 4.0 4.0 4172 6011 11100 82 4172 6011 11100 1014 61236 2 2 75.0 true true -5726287756712869241
12 461 5.0 5.0 4.0 4.0 4888 6269 11616 84 4888 6269 11616 1240 68182 2 3 25.0 true true -196044721547986936
12 461 6.0 6.0 4.0 4.0 4860 6081 11240 136 4860 6081 11240 1158 64108 2 2 50.0 true true 1635835204856455539
12 461 6.0 6.0 4.0 4.0 4416 6081 11240 136 4416 6081 11240 1346 65236 2 3 50.0 true true -192730789601447319
12 461 6.0 6.0 4.0 4.0 4616 6121 11320 86 4616 6121 11320 1280 66854 2 3 50.0 true true -2694545228121688588
12 461 5.0 5.0 4.0 4.0 4652 6153 11384 124 4652 6153 11384 1462 69668 2 3 25.0 true true 1396369116196151399
12 461 6.0 6.0 4.0 4.0 4656 6167 11412 96 4656 6167 11412 1264 67728 2 2 50.0 true true -6209583332746069983
12 461 7.0 7.0 5.0 5.0 5992 6383 11844 198 5992 6383 11844 1968 82190 2 2 40.0 true true 9060630071475836756
12 461 6.0 6.0 4.0 4.0 4704 6157 11392 158 4704 6157 11392 1322 67222 2 3 50.0 true true -1963250633914151412
12 461 7.0 7.0 5.0 5.0 4044 6023 11124 100 4044 6023 11124 964 59106 2 3 40.0 true true -7235584191593903572
12 461 6.0 6.0 4.0 4.0 4388 6213 11504 124 4388 6213 11504 1240 66894 2 3 50.0 true true 2477867004687514250
12 461 8.0 8.0 4.0 4.0 4384 6119 11316 86 4384 6119 11316 1208 64844 2 3 100.0 true true 8893409925636698830
12 461 6.0 6.0 4.0 4.0 4188 6107 11292 62 4188 6107 11292 912 60688 2 2 50.0 true true 6818282556971511151
12 461 6.0 6.0 4.0 4.0 4192 5949 10976 102 4192 5949 10976 1244 59246 2 3 50.0 true true -5665922047248518811
12 461 7.0 7.0 4.0 4.0 4676 6115 11308 162 4676 6115 11308 1152 62546 2 3 75.0 true true -188832284202414198
12 461 7.0 7.0 4.0 4.0 5014 6359 11796 124 5016 6359 11796 1352 71256 2 3 75.0 true true -1645762546641475883
12 461 6.0 6.0 4.0 4.0 4140 6035 11148 80 4140 6035 11148 1206 64960 2 2 50.0 true true 5372951690103789385
12 461 8.0 8.0 4.0 4.0 4508 6187 11452 66 4508 6187 11452 928 64820 2 2 100.0 true true 5675356946474161149
12 461 5.0 5.0 4.0 4.0 4472 6093 11264 86 4472 6093 11264 1124 63602 2 3 25.0 true true 3022125899315553771
12 461 6.0 6.0 4.0 4.0 4460 5999 11076 106 4460 5999 11076 1144 63228 2 2 50.0 true true 273326879807228577
12 461 5.0 5.0 4.0 4.0 4836 6129 11336 148 4836 6129 11336 1422 67022 2 2 25.0 true true 5377600414981764748
12 461 7.0 7.0 4.0 4.0 4944 6179 11436 150 4944 6179 11436 1558 68524 2 2 75.0 true true -2189452940508686266
12 461 5.0 5.0 4.0 4.0 4636 6297 11672 84 4636 6297 11672 1028 70930 2 2 25.0 true true -175593795243540517
12 461 6.0 6.0 4.0 4.0 4991 6223 11524 118 4992 6223 11524 1450 70548 2 3 50.0 true true 7582255392312889332
12 461 6.0 6.0 4.0 4.0 4976 6209 11496 84 4976 6209 11496 1206 68980 2 3 50.0 true true -2122067231889652973
12 461 7.0 7.0 4.0 4.0 5504 6433 11944 176 5504 6433 11944 1502 77656 2 3 75.0 true true -7986882561455490461
12 461 6.0 6.0 4.0 4.0 4596 6151 11380 88 4596 6151 11380 1040 66872 2 2 50.0 true true -7822391926889242626
12 461 6.0 6.0 4.0 4.0 5168 6285 11648 168 5168 6285 11648 1516 71854 2 3 50.0 true true 6206482825322981805
12 461 8.0 8.0 4.0 4.0 4808 6069 11216 110 4808 6069 11216 1352 64952 2 2 100.0 true true -3200924561750363942
12 461 6.0 6.0 5.0 5.0 5084 6203 11484 140 5084 6203 11484 1196 69532 2 2 20.0 true true 4983280043945707070
12 461 6.0 6.0 4.0 4.0 4256 6137 11352 76 4256 6137 11352 1198 65548 2 2 50.0 true true -8682673215268710059
12 461 5.0 5.0 4.0 4.0 5152 6115 11308 82 5152 6115 11308 1156 67800 2 3 25.0 true true 2785961861309706079
12 461 5.0 5.0 4.0 4.0 4455 6075 11228 68 4456 6075 11228 1074 64954 2 3 25.0 true true 4795436528073029142
12 461 8.0 8.0 4.0 4.0 3727 5893 10864 106 3728 5893 10864 1080 57876 2 3 100.0 true true -925838503282747872
12 461 8.0 8.0 4.0 4.0 4412 6019 11116 140 4412 6019 11116 1144 62584 2 3 100.0 true true -2692566116826467775
12 461 6.0 6.0 4.0 4.0 4740 6113 11304 114 4740 6113 11304 1444 66250 2 2 50.0 true true 8825574334089203104
12 461 6.0 6.0 4.0 4.0 4172 5981 11040 92 4172 5981 11040 1054 62714 2 2 50.0 true true 939175278288494249
12 461 8.0 8.0 4.0 4.0 6080 6551 12180 142 6080 6551 12180 1568 83024 2 2 100.0 true true -6394343200603433988
12 461 6.0 6.0 4.0 4.0 5340 6347 11772 138 5340 6347 11772 1472 75624 2 3 50.0 true true -6485215492295520622
12 461 6.0 6.0 4.0 4.0 4704 6311 11700 104 4704 6311 11700 1186 71996 2 2 50.0 true true -6893921896009063611
12 461 6.0 6.0 4.0 4.0 4652 6141 11360 102 4652 6141 11360 1242 67292 2 3 50.0 true true -7175433138997943550
12 461 6.0 6.0 4.0 4.0 4012 6111 11300 80 4012 6111 11300 1054 63764 2 3 50.0 true true 2641891113207643103
12 461 6.0 6.0 4.0 4.0 4616 6033 11144 130 4616 6033 11144 1478 64360 2 3 50.0 true true 1140347821930557169
12 461 7.0 7.0 4.0 4.0 4716 6301 11680 120 4716 6301 11680 1320 71572 2 2 75.0 true true 7111137853612849856
12 461 6.0 6.0 4.0 4.0 4684 6281 11640 66 4684 6281 11640 1030 68276 2 3 50.0 true true -2985035089659371120
12 461 5.0 5.0 4.0 4.0 5060 6283 11644 86 5060 6283 11644 1152 73182 2 3 25.0 true true -4152523118284142814
12 461 8.0 8.0 4.0 4.0 4824 6097 11272 112 4824 6097 11272 1036 66192 2 2 100.0 true true 6452479598442668939
12 461 7.0 7.0 4.0 4.0 4944 6115 11308 134 4944 6115 11308 1254 65584 2 3 75.0 true true -137532110545727243
12 461 7.0 7.0 4.0 4.0 3860 6037 11152 70 3860 6037 11152 860 60786 2 2 75.0 true true 2095812861298393967
12 461 6.0 6.0 4.0 4.0 4900 6087 11252 142 4900 6087 11252 1502 66156 2 3 50.0 true true 3884954374039155283
12 461 7.0 7.0 4.0 4.0 4732 6161 11400 122 4732 6161 11400 1188 67244 2 2 75.0 true true -6586273748059275750
12 461 7.0 7.0 4.0 4.0 5732 6409 11896 148 5732 6409 11896 1338 76752 2 2 75.0 true true -1456474234231191070
12 461 5.0 5.0 4.0 4.0 4672 6087 11252 118 4672 6087 11252 1172 64798 2 2 25.0 true true -5306847023254711868
12 461 7.0 7.0 4.0 4.0 4456 6159 11396 114 4456 6159 11396 1240 65594 2 3 75.0 true true -6064383296331160003
12 461 6.0 6.0 4.0 4.0 4620 6009 11096 100 4620 6009 11096 1116 62984 2 3 50.0 true true -1381631872503822559
12 461 6.0 6.0 4.0 4.0 4632 6061 11200 134 4632 6061 11200 1326 64584 2 2 50.0 true true -2420770124356077741
12 461 6.0 6.0 4.0 4.0 4040 6125 11328 60 4040 6125 11328 1130 62228 2 2 50.0 true true 1669330507933589911
12 461 5.0 5.0 4.0 4.0 4355 6065 11208 82 4356 6065 11208 1270 65120 2 3 25.0 true true -3123474105873382234
12 461 7.0 7.0 4.0 4.0 4534 6053 11184 124 4536 6053 11184 1200 65830 2 3 75.0 true true -4076218101338966467
12 461 6.0 6.0 4.0 4.0 5020 6203 11484 160 5020 6203 11484 1426 70394 2 2 50.0 true true -1416515449687223157
12 461 6.0 6.0 4.0 4.0 4424 5907 10892 118 4424 5907 10892 1112 59270 2 2 50.0 true true 1290163562125374765
12 461 7.0 7.0 4.0 4.0 4120 6075 11228 108 4120 6075 11228 1164 63102 2 2 75.0 true true -5279786920144877478
12 461 5.0 5.0 4.0 4.0 4496 6155 11388 88 4496 6155 11388 1066 67386 2 2 25.0 true true 8999049862086614417
12 461 8.0 8.0 4.0 4.0 4216 6027 11132 112 4216 6027 11132 1144 62860 2 3 100.0 true true 949939605339373808
12 461 6.0 6.0 4.0 4.0 3744 5793 10664 86 3744 5793 10664 964 54092 2 2 50.0 true true -5317037259411612360
12 461 7.0 7.0 4.0 4.0 4372 6063 11204 110 4372 6063 11204 1204 62096 2 2 75.0 true true -8939645296949341133
12 461 6.0 6.0 4.0 4.0 4576 6099 11276 172 4576 6099 11276 1520 64016 2 3 50.0 true true -8730371735563682270
12 461 6.0 6.0 4.0 4.0 4152 6135 11348 72 4152 6135 11348 1080 64292 2 3 50.0 true true 8207511111327058134
12 461 6.0 6.0 4.0 4.0 4768 6167 11412 120 4768 6167 11412 1340 67470 2 2 50.0 true true 8188734202754235549
12 461 5.0 5.0 4.0 4.0 4416 6081 11240 92 4416 6081 11240 1092 63192 2 2 25.0 true true 1435889466585353976
12 461 6.0 6.0 4.0 4.0 4319 5969 11016 84 4320 5969 11016 1158 62080 2 3 50.0 true true -6129364569424126563
12 461 7.0 7.0 4.0 4.0 3952 6007 11092 76 3952 6007 11092 1056 61268 2 2 75.0 true true -1682152098114613417
12 461 7.0 7.0 5.0 5.0 4712 6219 11516 128 4712 6219 11516 1418 68550 2 3 40.0 true true 2906098698009878031
12 461 6.0 6.0 4.0 4.0 4920 6175 11428 134 4920 6175 11428 1210 67344 2 2 50.0 true true -5951625129177329152
12 461 5.0 5.0 4.0 4.0 4280 6033 11144 88 4280 6033 11144 1148 63896 2 2 25.0 true true 6999411679886989814
12 461 6.0 6.0 4.0 4.0 4456 6159 11396 96 4456 6159 11396 1286 69814 2 2 50.0 true true -2447938973412818637
12 461 6.0 6.0 4.0 4.0 4672 6175 11428 70 4672 6175 11428 1250 69416 2 2 50.0 true true -549079318872298709
12 461 6.0 6.0 4.0 4.0 4799 6175 11428 130 4800 6175 11428 1178 65944 2 3 50.0 true true 3963371015328501759
12 461 7.0 7.0 4.0 4.0 4296 5951 10980 84 4296 5951 10980 1064 60534 2 2 75.0 true true 5804921790251087766
12 461 6.0 6.0 4.0 4.0 4684 6163 11404 100 4684 6163 11404 1244 69008 2 2 50.0 true true -4930445029232882442
12 461 6.0 6.0 4.0 4.0 4208 5933 10944 116 4208 5933 10944 1184 59956 2 3 50.0 true true 3914600983094936912
12 461 7.0 7.0 4.0 4.0 4296 6097 11272 92 4296 6097 11272 1130 64862 2 2 75.0 true true -4285788864417783379
12 461 7.0 7.0 4.0 4.0 4284 6061 11200 80 4284 6061 11200 1150 62278 2 2 75.0 true true -592944374236833217
12 461 6.0 6.0 4.0 4.0 4988 6035 11148 100 4988 6035 11148 1326 64368 2 3 50.0 true true 3604956101998190614
12 461 5.0 5.0 4.0 4.0 4248 6095 11268 56 4248 6095 11268 880 63748 2 3 25.0 true true -8724144514227055949
12 461 6.0 6.0 4.0 4.0 4235 5971 11020 90 4236 5971 11020 1018 61830 2 3 50.0 true true 2985903241238267106
12 461 6.0 6.0 4.0 4.0 4952 6033 11144 114 4952 6033 11144 1360 66094 2 2 50.0 true true -137628508497328718
12 461 8.0 8.0 4.0 4.0 4148 6043 11164 78 4148 6043 11164 956 63292 2 2 100.0 true true -3519997284265534528
12 461 7.0 7.0 5.0 5.0 5052 6205 11488 158 5052 6205 11488 1536 69946 2 3 40.0 true true -936285308191017751
12 461 6.0 6.0 5.0 5.0 5552 6251 11580 160 5552 6251 11580 1188 71866 2 2 20.0 true true -5215073181578393427
12 461 6.0 6.0 4.0 4.0 4964 6059 11196 104 4964 6059 11196 1260 66060 2 2 50.0 true true -6116148258293560
12 461 6.0 6.0 4.0 4.0 4664 6053 11184 122 4664 6053 11184 1244 64234 2 3 50.0 true true 5445538311856140826
12 461 6.0 6.0 4.0 4.0 4836 6061 11200 118 4836 6061 11200 1414 67292 2 3 50.0 true true -3909472178562923142
12 461 6.0 6.0 4.0 4.0 4576 6009 11096 158 4576 6009 11096 1260 63544 2 3 50.0 true true -6837056238587906003
12 461 5.0 5.0 4.0 4.0 4271 6083 11244 128 4272 6083 11244 1178 66260 2 3 25.0 true true 1600757607385997703
12 461 6.0 6.0 4.0 4.0 4660 6093 11264 128 4660 6093 11264 1382 64158 2 2 50.0 true true 1464059969064682321
12 461 5.0 5.0 4.0 4.0 3980 6071 11220 66 3980 6071 11220 932 62318 2 2 25.0 true true -2895015639061889551
12 461 7.0 7.0 4.0 4.0 5188 6189 11456 160 5188 6189 11456 1562 67028 2 3 75.0 true true 8456328540946492321
12 461 7.0 7.0 5.0 5.0 4797 6119 11316 148 4800 6119 11316 1254 64700 2 3 40.0 true true -2241740191455083262
12 461 6.0 6.0 4.0 4.0 4648 6197 11472 114 4648 6197 11472 1258 67468 2 2 50.0 true true 6141143820515489599
12 461 6.0 6.0 4.0 4.0 3960 5991 11060 74 3960 5991 11060 1014 59824 2 2 50.0 true true 2156886063482546651
12 461 6.0 6.0 4.0 4.0 4691 6101 11280 88 4692 6101 11280 1110 63782 2 3 50.0 true true 2880262345860205758
12 461 6.0 6.0 4.0 4.0 4124 6253 11584 40 4124 6253 11584 824 65740 2 2 50.0 true true -6671181445426601488
12 461 6.0 6.0 4.0 4.0 4688 6319 11716 88 4688 6319 11716 1260 72196 2 2 50.0 true true 4898050200246079716
12 461 6.0 6.0 4.0 4.0 5012 6185 11448 150 5012 6185 11448 1274 66374 2 3 50.0 true true 1717476868699483741
12 461 5.0 5.0 4.0 4.0 4748 6119 11316 140 4748 6119 11316 1348 65888 2 2 25.0 true true -7054841220968187886
12 461 6.0 6.0 4.0 4.0 4544 6119 11316 88 4544 6119 11316 1196 66222 2 2 50.0 true true 711625102842621724
12 461 6.0 6.0 4.0 4.0 4872 6151 11380 116 4872 6151 11380 1372 66912 2 3 50.0 true true 140866655680388564
12 461 6.0 6.0 4.0 4.0 4652 6091 11260 90 4652 6091 11260 1204 65098 2 3 50.0 true true 4833534491247174561
12 461 6.0 6.0 4.0 4.0 4419 6047 11172 98 4420 6047 11172 1142 62672 2 3 50.0 true true -5536344325732632279
12 461 6.0 6.0 4.0 4.0 4468 6053 11184 122 4468 6053 11184 1222 64880 2 2 50.0 true true 3146237687063213505
12 461 6.0 6.0 4.0 4.0 4712 5981 11040 110 4712 5981 11040 1360 62802 2 3 50.0 true true -6809622760284643040
12 461 7.0 7.0 4.0 4.0 4996 6305 11688 138 4996 6305 11688 1320 70652 2 3 75.0 true true 5586043623716692987
12 461 8.0 8.0 4.0 4.0 4832 6163 11404 108 4832 6163 11404 1236 68728 2 3 100.0 true true -7659157016641052983
12 461 6.0 6.0 4.0 4.0 4808 6199 11476 94 4808 6199 11476 1170 71396 2 3 50.0 true true -5927564706642859607
12 461 6.0 6.0 4.0 4.0 4696 6019 11116 126 4696 6019 11116 1326 62778 2 2 50.0 true true 104970114357806646
12 461 6.0 6.0 4.0 4.0 4640 6193 11464 88 4640 6193 11464 1180 68174 2 3 50.0 true true -5887373716617645475
12 461 6.0 6.0 4.0 4.0 4824 6297 11672 122 4824 6297 11672 1486 71154 2 3 50.0 true true 6028060098182611563
12 461 6.0 6.0 4.0 4.0 4484 6085 11248 88 4484 6085 11248 1164 65768 2 2 50.0 true true 6680389905513309083
12 461 5.0 5.0 4.0 4.0 3992 6077 11232 88 3992 6077 11232 1098 61532 2 2 25.0 true true -3140106108242319236
12 461 6.0 6.0 4.0 4.0 4868 6117 11312 120 4868 6117 11312 1376 67600 2 2 50.0 true true -8289181207960731822
12 461 6.0 6.0 4.0 4.0 4788 6183 11444 120 4788 6183 11444 1442 66932 2 2 50.0 true true 5734864426849179810
12 461 6.0 6.0 4.0 4.0 4592 6125 11328 106 4592 6125 11328 1394 66956 2 3 50.0 true true -567511757657458428
12 461 6.0 6.0 4.0 4.0 5140 6243 11564 140 5140 6243 11564 1608 71810 2 3 50.0 true true -2064004173098650712
12 461 6.0 6.0 4.0 4.0 3580 5787 10652 80 3580 5787 10652 1018 55004 2 3 50.0 true true 8868815906932956737
12 461 6.0 6.0 4.0 4.0 4556 6003 11084 80 4556 6003 11084 1168 62004 2 2 50.0 true true 1778763561566034956
12 461 6.0 6.0 5.0 5.0 5596 6185 11448 142 5596 6185 11448 1342 71008 2 2 20.0 true true 7763847452847440648
12 461 6.0 6.0 4.0 4.0 4880 6281 11640 96 4880 6281 11640 1340 71692 2 2 50.0 true true 1376498053486618000
12 461 5.0 5.0 4.0 4.0 4456 6147 11372 98 4456 6147 11372 1230 63830 2 2 25.0 true true -6645322226627227808
12 461 6.0 6.0 4.0 4.0 4596 6211 11500 102 4596 6211 11500 1352 68500 2 2 50.0 true true 6528133683910962928
12 461 7.0 7.0 4.0 4.0 3804 5909 10896 80 3804 5909 10896 906 57410 2 2 75.0 true true 8974938879517533558
12 461 7.0 7.0 4.0 4.0 4600 6049 11176 132 4600 6049 11176 1318 64996 2 2 75.0 true true -5548962108843400039
12 461 5.0 5.0 4.0 4.0 5164 6273 11624 100 5164 6273 11624 1446 72464 2 3 25.0 true true -2501098008318858618
12 461 6.0 6.0 5.0 5.0 4068 6097 11272 94 4068 6097 11272 1136 63070 2 3 20.0 true true -5691244127786486866
12 461 6.0 6.0 4.0 4.0 4888 6105 11288 102 4888 6105 11288 1200 65388 2 2 50.0 true true 8751941700786884184
12 461 6.0 6.0 4.0 4.0 5405 6301 11680 190 5408 6301 11680 1596 72162 2 3 50.0 true true -2262731886537497261
12 461 6.0 6.0 4.0 4.0 4840 6083 11244 102 4840 6083 11244 1314 65442 2 3 50.0 true true 284663579480577512
12 461 7.0 7.0 4.0 4.0 3980 5917 10912 80 3980 5917 10912 1066 59410 2 2 75.0 true true -1136139109004852962
12 461 8.0 8.0 5.0 5.0 4868 6191 11460 140 4868 6191 11460 1398 67540 2 3 60.0 true true 5416830804375430147
12 461 6.0 6.0 4.0 4.0 4896 6097 11272 146 4896 6097 11272 1224 65618 2 3 50.0 true true 748007349495420393
12 461 6.0 6.0 4.0 4.0 4403 6121 11320 102 4404 6121 11320 1080 62116 2 3 50.0 true true 7161742457069928182
12 461 6.0 6.0 4.0 4.0 4452 6197 11472 78 4452 6197 11472 1218 66696 2 2 50.0 true true 837261109928356308
12 461 6.0 6.0 4.0 4.0 4524 5969 11016 148 4524 5969 11016 1316 61354 2 3 50.0 true true 3048414774668406377
12 461 7.0 7.0 4.0 4.0 4900 6155 11388 96 4900 6155 11388 1324 70950 2 3 75.0 true true -938201949534808232
12 461 7.0 7.0 4.0 4.0 5180 6161 11400 216 5180 6161 11400 1466 70022 2 3 75.0 true true 4265328028445316944
12 461 5.0 5.0 4.0 4.0 4784 6261 11600 98 4784 6261 11600 1300 68622 2 3 25.0 true true -1955448522800102167
12 461 6.0 6.0 4.0 4.0 4392 5997 11072 150 4392 5997 11072 1292 61798 2 2 50.0 true true 4649485776622140370
12 461 7.0 7.0 4.0 4.0 4000 5953 10984 62 4000 5953 10984 1014 59364 2 3 75.0 true true -117345515717756124
12 461 7.0 7.0 4.0 4.0 4688 6249 11576 106 4688 6249 11576 1148 67282 2 2 75.0 true true -5293654132405916515
12 461 6.0 6.0 4.0 4.0 4676 6137 11352 130 4676 6137 11352 1338 68122 2 2 50.0 true true 1246286887235644760
12 461 6.0 6.0 4.0 4.0 5204 6341 11760 114 5204 6341 11760 1326 74226 2 3 50.0 true true 7573886448795935271
12 461 6.0 6.0 4.0 4.0 4780 6401 11880 140 4780 6401 11880 1312 72496 2 3 50.0 true true 8807249264108289216
12 461 5.0 5.0 4.0 4.0 4556 6143 11364 126 4556 6143 11364 1302 67146 2 3 25.0 true true -1537091322489678269
12 461 7.0 7.0 4.0 4.0 4968 6195 11468 148 4968 6195 11468 1448 67388 2 3 75.0 true true 1635152275903568064
12 461 6.0 6.0 4.0 4.0 4238 6001 11080 106 4240 6001 11080 1436 65010 2 3 50.0 true true 4795639199685374475
12 461 6.0 6.0 4.0 4.0 4312 6061 11200 114 4312 6061 11200 1316 64442 2 3 50.0 true true -2777857976911125713
12 461 6.0 6.0 4.0 4.0 4828 6157 11392 100 4828 6157 11392 1016 68866 2 2 50.0 true true 506106311999774202
12 461 6.0 6.0 4.0 4.0 4164 6029 11136 90 4164 6029 11136 1060 64130 2 3 50.0 true true 8827125819126048762
12 461 8.0 8.0 4.0 4.0 4892 6205 11488 112 4892 6205 11488 1340 66872 2 3 100.0 true true 4501695073589092185
12 461 6.0 6.0 4.0 4.0 3968 5929 10936 112 3968 5929 10936 1180 61978 2 3 50.0 true true -2636225383466650416
12 461 6.0 6.0 4.0 4.0 5123 6327 11732 138 5124 6327 11732 1358 70104 2 3 50.0 true true -3494454482509766527
12 461 6.0 6.0 4.0 4.0 4784 6209 11496 86 4784 6209 11496 1378 70368 2 2 50.0 true true -1391288308719306828
12 461 6.0 6.0 4.0 4.0 4792 6207 11492 142 4792 6207 11492 1602 71720 2 2 50.0 true true -7278100465340254204
12 461 8.0 8.0 4.0 4.0 4572 6097 11272 60 4572 6097 11272 1036 64914 2 2 100.0 true true 7482888289037243316
12 461 6.0 6.0 4.0 4.0 4360 5841 10760 96 4360 5841 10760 1064 56884 2 3 50.0 true true -7490680623770657337
12 461 6.0 6.0 4.0 4.0 4816 6121 11320 112 4816 6121 11320 1226 67220 2 2 50.0 true true -7969806921052719274
12 461 5.0 5.0 4.0 4.0 4040 6035 11148 70 4040 6035 11148 916 59740 2 2 25.0 true true -1731375997993159987
12 461 6.0 6.0 4.0 4.0 4364 6035 11148 108 4364 6035 11148 1104 66476 2 2 50.0 true true -7603410324618640206
12 461 6.0 6.0 4.0 4.0 4684 5827 10732 116 4684 5827 10732 1270 59860 2 2 50.0 true true -7662677330158351085
12 461 6.0 6.0 4.0 4.0 4216 6047 11172 102 4216 6047 11172 1020 60252 2 2 50.0 true true -2252896768536617253
12 461 6.0 6.0 4.0 4.0 4564 6169 11416 116 4564 6169 11416 1170 67056 2 3 50.0 true true 4643226056909372461
12 461 6.0 6.0 4.0 4.0 4768 6141 11360 74 4768 6141 11360 1034 65382 2 3 50.0 true true 7546817852687705256
12 461 5.0 5.0 4.0 4.0 4384 6073 11224 106 4384 6073 11224 1414 64798 2 3 25.0 true true -5209935942190057852
12 461 6.0 6.0 4.0 4.0 3884 6051 11180 78 3884 6051 11180 1174 61780 2 2 50.0 true true -430833303377492397
12 461 7.0 7.0 4.0 4.0 4716 6115 11308 120 4716 6115 11308 1030 63602 2 2 75.0 true true 8355203696196136168
12 461 6.0 6.0 4.0 4.0 4656 6115 11308 104 4656 6115 11308 1236 66518 2 3 50.0 true true -5137084714369568006
12 461 5.0 5.0 4.0 4.0 5068 6297 11672 116 5068 6297 11672 1426 72314 2 2 25.0 true true -8342041470786264479
12 461 6.0 6.0 4.0 4.0 4136 6011 11100 68 4136 6011 11100 1124 61088 2 2 50.0 true true -7643835019105018757
12 461 6.0 6.0 4.0 4.0 4500 6055 11188 64 4500 6055 11188 980 63302 2 2 50.0 true true 6282416728967436166
12 461 5.0 5.0 4.0 4.0 4596 6153 11384 90 4596 6153 11384 1182 68376 2 2 25.0 true true -3307297862051312657
12 461 6.0 6.0 4.0 4.0 4336 6117 11312 76 4336 6117 11312 878 66076 2 3 50.0 true true -2641825465547433002
12 461 6.0 6.0 4.0 4.0 5644 6571 12220 112 5644 6571 12220 1432 82310 2 2 50.0 true true -1878551524994763108
12 461 6.0 6.0 4.0 4.0 5400 6393 11864 110 5400 6393 11864 1390 75448 2 2 50.0 true true -8531433015998134994
12 461 5.0 5.0 4.0 4.0 4380 5993 11064 110 4380 5993 11064 1300 64412 2 2 25.0 true true 2975598891325293286
12 461 7.0 7.0 4.0 4.0 5220 6129 11336 110 5220 6129 11336 1328 69874 2 2 75.0 true true 8311133805923788801
12 461 6.0 6.0 4.0 4.0 4128 6069 11216 88 4128 6069 11216 1114 63346 2 2 50.0 true true -7020279576712032992
12 461 6.0 6.0 4.0 4.0 4584 6025 11128 134 4584 6025 11128 1312 67196 2 3 50.0 true true 8841514490400637855
12 461 6.0 6.0 4.0 4.0 4984 6157 11392 148 4984 6157 11392 1424 66436 2 2 50.0 true true -7673873652687152627
12 461 6.0 6.0 4.0 4.0 4860 5945 10968 118 4860 5945 10968 1298 63094 2 3 50.0 true true -4813542553801038220
12 461 6.0 6.0 4.0 4.0 4224 6025 11128 94 4224 6025 11128 1250 62960 2 2 50.0 true true -6076995541448567957
12 461 7.0 7.0 4.0 4.0 4772 6175 11428 118 4772 6175 11428 1354 70032 2 2 75.0 true true 4717369993240525122
12 461 6.0 6.0 4.0 4.0 4120 5965 11008 70 4120 5965 11008 1080 60236 2 2 50.0 true true 1369636174847768675
12 461 6.0 6.0 4.0 4.0 4408 5957 10992 116 4408 5957 10992 1080 62324 2 2 50.0 true true 1130008152512289627
12 461 6.0 6.0 4.0 4.0 4540 6081 11240 138 4540 6081 11240 1600 66442 2 3 50.0 true true -5576379054269870829
12 461 7.0 7.0 4.0 4.0 4824 6135 11348 124 4824 6135 11348 1266 67012 2 3 75.0 true true 2311777929341762130
12 461 6.0 6.0 5.0 5.0 4876 6187 11452 162 4876 6187 11452 1410 69486 2 2 20.0 true true -8199565425818005966
12 461 5.0 5.0 4.0 4.0 5055 6211 11500 140 5056 6211 11500 1268 69150 2 3 25.0 true true 6039152450422172362
12 461 7.0 7.0 4.0 4.0 4732 6201 11480 110 4732 6201 11480 996 66306 2 2 75.0 true true 8234572295505094836
12 461 6.0 6.0 4.0 4.0 4032 5903 10884 76 4032 5903 10884 1032 58390 2 3 50.0 true true -6339548735893792303
12 461 6.0 6.0 4.0 4.0 4228 6009 11096 94 4228 6009 11096 1080 60648 2 2 50.0 true true -7306136974986424912
12 461 8.0 8.0 4.0 4.0 4484 6111 11300 108 4484 6111 11300 1014 65312 2 3 100.0 true true 2149104022015375009
12 461 6.0 6.0 4.0 4.0 4092 5985 11048 88 4092 5985 11048 890 61694 2 2 50.0 true true 6708223669980261048
12 461 6.0 6.0 4.0 4.0 4768 6115 11308 136 4768 6115 11308 1518 66920 2 3 50.0 true true 8328873911185049152
12 461 6.0 6.0 4.0 4.0 5424 6451 11980 104 5424 6451 11980 1332 74622 2 2 50.0 true true 2277959930813945874
12 461 8.0 8.0 4.0 4.0 4628 6227 11532 118 4628 6227 11532 1132 69130 2 2 100.0 true true -4936667007852406594
12 461 6.0 6.0 4.0 4.0 4584 6177 11432 86 4584 6177 11432 1154 65786 2 3 50.0 true true -3132505196560645562
12 461 6.0 6.0 4.0 4.0 4336 6201 11480 86 4336 6201 11480 998 66030 2 3 50.0 true true 4861346160688621484
12 461 6.0 6.0 4.0 4.0 4272 6013 11104 120 4272 6013 11104 1164 63882 2 3 50.0 true true -6332641869133726431
12 461 5.0 5.0 5.0 5.0 3996 5913 10904 56 3996 5913 10904 754 56360 2 2 0.0 true true -6575928468780503688
12 461 6.0 6.0 4.0 4.0 4460 6137 11352 118 4460 6137 11352 1234 66090 2 2 50.0 true true -5734826821191128766
12 461 6.0 6.0 4.0 4.0 5388 6255 11588 114 5388 6255 11588 1374 72900 2 2 50.0 true true -2282655973163610160
12 461 6.0 6.0 4.0 4.0 4104 6003 11084 56 4104 6003 11084 814 60142 2 2 50.0 true true -5260036339988206197
12 461 6.0 6.0 4.0 4.0 5258 6193 11464 150 5260 6193 11464 1660 68062 2 3 50.0 true true 8179329260635767345
12 461 6.0 6.0 4.0 4.0 4476 6143 11364 102 4476 6143 11364 1238 69328 2 3 50.0 true true -2844063891196340547
12 461 7.0 7.0 4.0 4.0 4886 6213 11504 144 4888 6213 11504 1396 68208 2 3 75.0 true true -165829251701904358
12 461 7.0 7.0 4.0 4.0 3972 5887 10852 110 3972 5887 10852 1030 59328 2 2 75.0 true true -3555620386406192653
12 461 6.0 6.0 4.0 4.0 4040 6035 11148 98 4040 6035 11148 1284 62046 2 2 50.0 true true -6136906182470793533
12 461 6.0 6.0 4.0 4.0 5619 6239 11556 192 5624 6239 11556 1740 74052 2 3 50.0 true true 6030883345085842531
12 461 6.0 6.0 4.0 4.0 4310 6241 11560 118 4312 6241 11560 1190 67466 2 3 50.0 true true 2999614263494003854
12 461 6.0 6.0 4.0 4.0 5171 6135 11348 144 5172 6135 11348 1496 67976 2 3 50.0 true true -6536788340561983917
12 461 6.0 6.0 4.0 4.0 4596 6275 11628 98 4596 6275 11628 1124 65860 2 2 50.0 true true 664007702278082372
12 461 6.0 6.0 4.0 4.0 4232 6075 11228 88 4232 6075 11228 1236 63352 2 3 50.0 true true -8582804880055649550
12 461 5.0 5.0 4.0 4.0 3928 5795 10668 90 3928 5795 10668 1036 57032 2 2 25.0 true true -4523959825024353776
12 461 7.0 7.0 4.0 4.0 4187 5957 10992 102 4188 5957 10992 1094 60426 2 3 75.0 true true 6633267592998875826
12 461 6.0 6.0 4.0 4.0 4756 6157 11392 98 4756 6157 11392 1064 65206 2 3 50.0 true true 3351133023627820781
12 461 6.0 6.0 4.0 4.0 3884 5849 10776 68 3884 5849 10776 828 57122 2 3 50.0 true true -4051093397147047976
12 461 6.0 6.0 4.0 4.0 4824 6301 11680 124 4824 6301 11680 1196 70052 2 3 50.0 true true -5335915802361339826
12 461 7.0 7.0 4.0 4.0 5156 6253 11584 140 5156 6253 11584 1308 69390 2 2 75.0 true true 2270156693056476248
12 461 6.0 6.0 4.0 4.0 4664 6039 11156 110 4664 6039 11156 1334 65468 2 2 50.0 true true 5599840950060800618
12 461 6.0 6.0 4.0 4.0 4072 6065 11208 80 4072 6065 11208 974 62070 2 3 50.0 true true -4451665553737633761
12 461 6.0 6.0 4.0 4.0 4312 6099 11276 138 4312 6099 11276 1354 64974 2 2 50.0 true true 5671197391847057026
12 461 6.0 6.0 4.0 4.0 4288 6001 11080 106 4288 6001 11080 1334 63956 2 2 50.0 true true 8394028792867348406
12 461 5.0 5.0 4.0 4.0 4748 6137 11352 122 4748 6137 11352 1266 64654 2 2 25.0 true true -12113236744625944
12 461 6.0 6.0 4.0 4.0 4083 6029 11136 80 4084 6029 11136 1004 63148 2 3 50.0 true true -6652510395245846284
12 461 6.0 6.0 4.0 4.0 5092 6069 11216 136 5092 6069 11216 1386 68936 2 2 50.0 true true -7216261244680338979
12 461 6.0 6.0 4.0 4.0 4348 5893 10864 116 4348 5893 10864 1044 56680 2 2 50.0 true true -4176987788663517610
12 461 5.0 5.0 4.0 4.0 4296 5891 10860 68 4296 5891 10860 1068 58940 2 2 25.0 true true -8303336182777241747
12 461 8.0 8.0 4.0 4.0 4612 6117 11312 88 4612 6117 11312 1056 65124 2 2 100.0 true true -2297879324825848011
12 461 7.0 7.0 4.0 4.0 4452 6137 11352 100 4452 6137 11352 1264 68268 2 2 75.0 true true 2927676800210687227
12 461 6.0 6.0 4.0 4.0 4856 6043 11164 100 4856 6043 11164 1476 66702 2 2 50.0 true true -7977827889002820651
12 461 6.0 6.0 4.0 4.0 4308 6117 11312 76 4308 6117 11312 1226 64608 2 2 50.0 true true 3401538813640795122
12 461 6.0 6.0 4.0 4.0 5608 6265 11608 168 5608 6265 11608 1558 72912 2 2 50.0 true true -307027258445412628
12 461 7.0 7.0 4.0 4.0 4252 6063 11204 130 4252 6063 11204 1142 61480 2 2 75.0 true true 1678455597167897034
12 461 6.0 6.0 4.0 4.0 4720 6015 11108 106 4720 6015 11108 1132 63356 2 3 50.0 true true 1319189252084401828
12 461 7.0 7.0 4.0 4.0 4648 6155 11388 98 4648 6155 11388 1408 66508 2 3 75.0 true true -4148270574851917502
12 461 7.0 7.0 4.0 4.0 4568 5881 10840 102 4568 5881 10840 1412 62086 2 2 75.0 true true -6439092226330721425
12 461 7.0 7.0 5.0 5.0 4420 5921 10920 88 4420 5921 10920 1168 59766 2 2 40.0 true true 6474117993797876867
12 461 6.0 6.0 4.0 4.0 3784 5895 10868 84 3784 5895 10868 1114 56860 2 2 50.0 true true -8505127388267857478
12 461 6.0 6.0 5.0 5.0 4088 6147 11372 84 4088 6147 11372 884 62972 2 3 20.0 true true -1628688414596262724
12 461 6.0 6.0 5.0 5.0 4716 5971 11020 124 4716 5971 11020 1346 62826 2 2 20.0 true true -4220172151171085769
12 461 7.0 7.0 4.0 4.0 4224 5865 10808 106 4224 5865 10808 1202 58248 2 2 75.0 true true 2118691028903232546
12 461 7.0 7.0 4.0 4.0 4704 6269 11616 80 4704 6269 11616 1288 70880 2 3 75.0 true true -1451953821711805302
12 461 7.0 7.0 4.0 4.0 4776 6209 11496 102 4776 6209 11496 1178 68210 2 2 75.0 true true -9026814771533499163
12 461 7.0 7.0 4.0 4.0 4516 5953 10984 104 4516 5953 10984 1218 63144 2 2 75.0 true true -7225742208429933369
12 461 6.0 6.0 4.0 4.0 4568 6283 11644 88 4568 6283 11644 1126 69518 2 3 50.0 true true 341787301664315516
12 461 7.0 7.0 4.0 4.0 4704 6165 11408 126 4704 6165 11408 1182 66594 2 2 75.0 true true -408879898722622361
12 461 6.0 6.0 4.0 4.0 5104 6327 11732 110 5104 6327 11732 1408 72248 2 3 50.0 true true 65550203919807603
12 461 6.0 6.0 4.0 4.0 4400 6021 11120 92 4400 6021 11120 1110 59950 2 2 50.0 true true -7590979853425199463
12 461 6.0 6.0 4.0 4.0 4008 5909 10896 106 4008 5909 10896 1124 59198 2 3 50.0 true true 1268465024209730350
12 461 6.0 6.0 5.0 5.0 4468 6133 11344 88 4468 6133 11344 1208 66894 2 2 20.0 true true 7058668927825892434
12 461 7.0 7.0 4.0 4.0 4856 6145 11368 96 4856 6145 11368 1150 65290 2 3 75.0 true true -4003009387624273577
12 461 6.0 6.0 4.0 4.0 4352 5877 10832 114 4352 5877 10832 1200 62154 2 3 50.0 true true 2677115988632449930
12 461 7.0 7.0 4.0 4.0 5088 6265 11608 126 5088 6265 11608 1476 70506 2 3 75.0 true true 8196878617903626900
12 461 6.0 6.0 4.0 4.0 5051 6079 11236 124 5052 6079 11236 1322 64890 2 3 50.0 true true 6118685712727910633
12 461 7.0 7.0 4.0 4.0 5580 6389 11856 114 5580 6389 11856 1326 75556 2 2 75.0 true true 6329428016581797221
12 461 5.0 5.0 5.0 5.0 4460 5911 10900 98 4460 5911 10900 1200 62614 2 2 0.0 true true 2597386114142144554
12 461 6.0 6.0 4.0 4.0 4156 5989 11056 104 4156 5989 11056 1180 61010 2 2 50.0 true true 5237798604732261999
12 461 8.0 8.0 4.0 4.0 4624 6127 11332 96 4624 6127 11332 1310 66778 2 3 100.0 true true 6171214651564982737
12 461 5.0 5.0 4.0 4.0 4716 6119 11316 86 4716 6119 11316 1336 67794 2 2 25.0 true true -2921527959969204996
12 461 6.0 6.0 4.0 4.0 4116 5865 10808 80 4116 5865 10808 1098 60276 2 3 50.0 true true 4920835149822326511
12 461 6.0 6.0 4.0 4.0 4676 6195 11468 118 4676 6195 11468 1144 65298 2 3 50.0 true true -1784976635670328417
12 461 6.0 6.0 4.0 4.0 4831 6101 11280 160 4832 6101 11280 1552 64462 2 3 50.0 true true 7283269510536775855
12 461 7.0 7.0 4.0 4.0 5928 6297 11672 154 5928 6297 11672 1640 74946 2 2 75.0 true true -1861693518497064552
12 461 6.0 6.0 5.0 5.0 4624 6145 11368 108 4624 6145 11368 1054 65034 2 2 20.0 true true 1602032727027755507
12 461 6.0 6.0 4.0 4.0 4528 6073 11224 128 4528 6073 11224 1486 65842 2 2 50.0 true true 2922701412501266118
12 461 6.0 6.0 4.0 4.0 4324 5953 10984 96 4324 5953 10984 1114 60562 2 2 50.0 true true -3989105634374955319
12 461 6.0 6.0 4.0 4.0 5104 6349 11776 144 5108 6349 11776 1240 68486 2 3 50.0 true true -3523495740276399866
12 461 6.0 6.0 4.0 4.0 5084 6355 11788 122 5084 6355 11788 1308 70166 2 3 50.0 true true 7547698764931294159
12 461 5.0 5.0 4.0 4.0 4016 5831 10740 104 4016 5831 10740 1090 59000 2 2 25.0 true true -7233444051100154182
12 461 5.0 5.0 4.0 4.0 4228 6075 11228 80 4228 6075 11228 1112 65520 2 2 25.0 true true -5995935892705889546
12 461 6.0 6.0 5.0 5.0 4608 6057 11192 108 4608 6057 11192 1118 64950 2 2 20.0 true true 420360366975374516
12 461 6.0 6.0 4.0 4.0 4444 6033 11144 106 4444 6033 11144 1202 64606 2 2 50.0 true true 2593141202024166376
12 461 6.0 6.0 4.0 4.0 5220 6311 11700 174 5220 6311 11700 1302 71472 2 2 50.0 true true 6199415830288493850
12 461 6.0 6.0 4.0 4.0 4408 6013 11104 118 4408 6013 11104 1312 63866 2 3 50.0 true true -1608256468025298272
12 461 5.0 5.0 4.0 4.0 4095 5963 11004 86 4096 5963 11004 904 60236 2 3 25.0 true true -4658938352300717735
12 461 6.0 6.0 4.0 4.0 4380 6009 11096 80 4380 6009 11096 1146 61726 2 3 50.0 true true -1427742899598271372
12 461 7.0 7.0 4.0 4.0 4924 6159 11396 106 4924 6159 11396 1172 67090 2 2 75.0 true true -9041208025056699377
12 461 6.0 6.0 4.0 4.0 5032 6381 11840 146 5032 6381 11840 1396 74390 2 3 50.0 true true -1187675312387667702
12 461 6.0 6.0 4.0 4.0 4844 6115 11308 134 4844 6115 11308 1530 65432 2 3 50.0 true true -7200002129480361993
12 461 6.0 6.0 4.0 4.0 4579 6115 11308 100 4580 6115 11308 1170 65690 2 3 50.0 true true 1445278066478742526
12 461 7.0 7.0 4.0 4.0 4676 6009 11096 110 4676 6009 11096 1168 63882 2 2 75.0 true true -4892252700532917433
12 461 6.0 6.0 4.0 4.0 4392 6207 11492 82 4392 6207 11492 1124 65478 2 3 50.0 true true -6124051440120222680
12 461 6.0 6.0 5.0 5.0 4228 6109 11296 74 4228 6109 11296 984 62258 2 2 20.0 true true -2454222265618435622
12 461 6.0 6.0 4.0 4.0 4476 6089 11256 78 4476 6089 11256 1160 65338 2 3 50.0 true true -6586579540516716414
12 461 6.0 6.0 4.0 4.0 5292 6175 11428 174 5292 6175 11428 1510 69114 2 3 50.0 true true 2817019059686484977
12 461 6.0 6.0 4.0 4.0 4296 6301 11680 60 4296 6301 11680 1146 69512 2 2 50.0 true true 2439366402054048239
12 461 9.0 9.0 4.0 4.0 4584 6065 11208 94 4584 6065 11208 1220 66008 2 3 125.0 true true 6022308907131802600
12 461 8.0 8.0 4.0 4.0 4984 6187 11452 98 4984 6187 11452 1284 68974 2 3 100.0 true true 3064967433319139631
12 461 6.0 6.0 4.0 4.0 4020 5811 10700 82 4020 5811 10700 1038 55902 2 2 50.0 true true -3519025139603148427
12 461 7.0 7.0 4.0 4.0 4676 6005 11088 118 4676 6005 11088 1328 64728 2 3 75.0 true true 7953888963598644682
12 461 7.0 7.0 4.0 4.0 4508 5969 11016 66 4508 5969 11016 1104 60562 2 2 75.0 true true 398139981164463193
12 461 5.0 5.0 4.0 4.0 4964 6285 11648 110 4964 6285 11648 1424 72130 2 2 25.0 true true -1501605297390643699
12 461 6.0 6.0 4.0 4.0 4784 6123 11324 98 4784 6123 11324 1244 65890 2 2 50.0 true true -120534117832401071
12 461 7.0 7.0 4.0 4.0 5072 6259 11596 128 5072 6259 11596 1382 69378 2 3 75.0 true true 2146983133602591655
12 461 7.0 7.0 4.0 4.0 4468 6015 11108 114 4468 6015 11108 1040 61252 2 3 75.0 true true 635855798825648448
12 461 5.0 5.0 4.0 4.0 3984 5989 11056 78 3984 5989 11056 1154 60828 2 2 25.0 true true -444112900184022298
12 461 6.0 6.0 4.0 4.0 4648 6147 11372 88 4648 6147 11372 1118 66526 2 3 50.0 true true -1400926783115591179
12 461 8.0 8.0 4.0 4.0 4972 6215 11508 114 4972 6215 11508 1646 69870 2 2 100.0 true true -5933454475301884140
12 461 6.0 6.0 5.0 5.0 4264 6035 11148 92 4264 6035 11148 986 62472 2 2 20.0 true true 1670007716016426159
12 461 7.0 7.0 4.0 4.0 4408 6097 11272 134 4408 6097 11272 1282 64310 2 3 75.0 true true 6631677336435359116
12 461 7.0 7.0 4.0 4.0 4512 6033 11144 102 4512 6033 11144 1180 62782 2 2 75.0 true true 1611027655054039962
12 461 7.0 7.0 4.0 4.0 4776 6143 11364 104 4776 6143 11364 1276 65968 2 2 75.0 true true 7785794100029768298
12 461 6.0 6.0 4.0 4.0 4960 6321 11720 100 4960 6321 11720 1158 72314 2 3 50.0 true true 6183751460813610000
12 461 7.0 7.0 4.0 4.0 5384 6283 11644 196 5384 6283 11644 1612 72274 2 2 75.0 true true 1518932576132912378
12 461 6.0 6.0 4.0 4.0 4936 6309 11696 102 4936 6309 11696 1154 70766 2 2 50.0 true true -7804745842888294284
12 461 6.0 6.0 4.0 4.0 5392 6379 11836 106 5392 6379 11836 1494 77246 2 2 50.0 true true 7531799584726389050
12 461 7.0 7.0 4.0 4.0 4624 6191 11460 80 4624 6191 11460 1144 65136 2 3 75.0 true true -4607643050424629109
12 461 6.0 6.0 4.0 4.0 4668 5943 10964 114 4668 5943 10964 1216 62142 2 2 50.0 true true -5597389889141090887
12 461 6.0 6.0 4.0 4.0 4908 6249 11576 124 4908 6249 11576 1272 70926 2 2 50.0 true true 2507612813229986581
12 461 6.0 6.0 4.0 4.0 4068 6021 11120 90 4068 6021 11120 1044 61200 2 2 50.0 true true -6290250688179195247
12 461 6.0 6.0 4.0 4.0 4600 6001 11080 122 4600 6001 11080 1320 63810 2 2 50.0 true true -8785340375960662792
12 461 6.0 6.0 4.0 4.0 4532 6027 11132 102 4532 6027 11132 1240 65138 2 3 50.0 true true -8641784061249980750
12 461 6.0 6.0 4.0 4.0 4168 5963 11004 66 4168 5963 11004 1090 61046 2 2 50.0 true true -1287947290366337855
12 461 6.0 6.0 4.0 4.0 4508 6173 11424 100 4508 6173 11424 1258 66848 2 3 50.0 true true -8332856520969901486
12 461 6.0 6.0 4.0 4.0 4488 6189 11456 104 4488 6189 11456 1176 69072 2 2 50.0 true true 2154418225062446110
12 461 6.0 6.0 4.0 4.0 4908 6139 11356 108 4908 6139 11356 1220 67024 2 2 50.0 true true -2192454994381579443
12 461 5.0 5.0 4.0 4.0 4068 6147 11372 110 4068 6147 11372 1040 65646 2 3 25.0 true true 3810305257920696412
12 461 6.0 6.0 4.0 4.0 4420 6099 11276 94 4420 6099 11276 1130 66376 2 3 50.0 true true -6187970625057476186
12 461 8.0 8.0 4.0 4.0 4836 6159 11396 120 4836 6159 11396 1258 68270 2 3 100.0 true true -6186080963618366165
12 461 6.0 6.0 4.0 4.0 4592 6189 11456 104 4592 6189 11456 1088 67538 2 2 50.0 true true 2973083146071277406
12 461 6.0 6.0 4.0 4.0 4760 5999 11076 136 4760 5999 11076 1052 62748 2 2 50.0 true true -2864240624643958816
12 461 6.0 6.0 5.0 5.0 5480 6363 11804 136 5480 6363 11804 1740 76918 2 2 20.0 true true 4168733266242328495
12 461 6.0 6.0 4.0 4.0 5092 6257 11592 126 5092 6257 11592 1448 70080 2 3 50.0 true true 6913297915119242832
12 461 6.0 6.0 4.0 4.0 4252 6007 11092 96 4252 6007 11092 1046 61838 2 3 50.0 true true 7432610361703839116
12 461 6.0 6.0 4.0 4.0 4204 6219 11516 72 4204 6219 11516 1042 67762 2 2 50.0 true true -3809384133436295692
12 461 6.0 6.0 4.0 4.0 3868 5869 10816 74 3868 5869 10816 1162 59906 2 2 50.0 true true -5319079646712779140
