382 12 11.397905759162304 1.3548311396899684 4 1.3548311396899684 4 5.0890052356020945 5.0890052356020945 9 9 0.494830635404812 0.494830635404812 23 
382 12 10.481675392670157 1.3515722442215272 4 1.3515722442215272 4 5.041884816753926 5.041884816753926 9 9 0.5053526113639292 0.5053526113639292 21 
382 12 10.434554973821989 1.3416231169408668 4 1.3416231169408668 4 5.036649214659686 5.036649214659686 9 9 0.511532720825408 0.511532720825408 19 
382 12 10.884816753926701 1.3524332799226098 4 1.3524332799226098 4 4.984293193717278 4.984293193717278 9 9 0.4991976092336695 0.4991976092336695 23 
382 12 11.13089005235602 1.3406032272382435 4 1.3406032272382435 4 5.151832460732984 5.151832460732984 10 10 0.511005977974374 0.511005977974374 22 
382 12 10.486910994764397 1.3450292150800116 4 1.3450292150800116 4 5.0890052356020945 5.0890052356020945 9 9 0.5272447428948164 0.5272447428948164 19 
382 12 11.267015706806284 1.346685955255753 4 1.346685955255753 4 5.178010471204188 5.178010471204188 9 9 0.49358611273658365 0.49358611273658365 20 
382 12 10.910994764397905 1.3145058082180916 4 1.3145058082180916 4 5.109947643979058 5.109947643979058 9 9 0.5084409652230357 0.5084409652230357 21 
382 12 10.424083769633508 1.3568662118993555 4 1.3568662118993555 4 5.057591623036649 5.057591623036649 10 10 0.5129146448590106 0.5129146448590106 19 
382 12 10.958115183246074 1.3503968594243456 4 1.3503968594243456 4 5.183246073298429 5.183246073298429 10 10 0.5103657229880717 0.5103657229880717 24 
382 12 10.921465968586388 1.3316359628732342 4 1.3316359628732342 4 5.0785340314136125 5.0785340314136125 9 9 0.5020668434597085 0.5020668434597085 22 
382 12 11.052356020942408 1.3789353255123298 4 1.3789353255123298 4 5.026178010471204 5.026178010471204 9 9 0.5021653482765358 0.5021653482765358 21 
382 12 10.973821989528796 1.390052174423471 4 1.390052174423471 4 5.2356020942408374 5.2356020942408374 10 10 0.5138512094313404 0.5138512094313404 20 
382 12 10.785340314136125 1.369892553920983 4 1.369892553920983 4 5.183246073298429 5.183246073298429 10 10 0.5065898877087951 0.5065898877087951 19 
382 12 11.109947643979057 1.3508844824373611 4 1.3508844824373611 4 5.115183246073299 5.115183246073299 10 10 0.4941887247878205 0.4941887247878205 20 
382 12 11.078534031413612 1.3214720384909813 4 1.3214720384909813 4 5.015706806282722 5.015706806282722 9 9 0.48915112739331096 0.48915112739331096 21 
382 12 11.282722513089006 1.3467416386021769 4 1.3467416386021769 4 5.115183246073299 5.115183246073299 9 9 0.49272931546637005 0.49272931546637005 23 
382 12 11.010471204188482 1.3556368374847698 4 1.3556368374847698 4 5.12565445026178 5.12565445026178 9 9 0.49790350502637604 0.49790350502637604 19 
382 12 11.193717277486911 1.4074457639020286 4 1.4074457639020286 4 5.12041884816754 5.12041884816754 10 10 0.4880702367227381 0.4880702367227381 19 
382 12 11.146596858638743 1.383358554338839 4 1.383358554338839 4 5.141361256544503 5.141361256544503 10 10 0.504729549100788 0.504729549100788 23 
382 12 10.93193717277487 1.3765832985807838 4 1.3765832985807838 4 5.12565445026178 5.12565445026178 9 9 0.5051095096109282 0.5051095096109282 23 
382 12 10.895287958115183 1.3776107100646264 4 1.3776107100646264 4 5.178010471204188 5.178010471204188 9 9 0.5084342488306466 0.5084342488306466 22 
382 12 10.842931937172775 1.3679377803135062 4 1.3679377803135062 4 5.214659685863874 5.214659685863874 9 9 0.5152612865097469 0.5152612865097469 21 
382 12 11.010471204188482 1.3413791439626777 4 1.3413791439626777 4 5.12041884816754 5.12041884816754 10 10 0.4945563078276679 0.4945563078276679 19 
382 12 11.256544502617801 1.3461299941551517 4 1.3461299941551517 4 5.12041884816754 5.12041884816754 10 10 0.4929688540910555 0.4929688540910555 27 
382 12 10.670157068062828 1.3762963584129428 4 1.3762963584129428 4 5.020942408376963 5.026178010471204 10 11 0.5009790437775585 0.5013171764128116 19 
382 12 10.973821989528796 1.3525656474621066 4 1.3525656474621066 4 5.104712041884817 5.104712041884817 10 10 0.5063900607678874 0.5063900607678874 22 
382 12 10.853403141361257 1.3632162099610072 4 1.3632162099610072 4 5.052356020942408 5.052356020942408 9 9 0.5023463903652909 0.5023463903652909 22 
382 12 10.879581151832461 1.3697634987877947 4 1.3697634987877947 4 5.115183246073299 5.115183246073299 11 11 0.5017402587659752 0.5017402587659752 20 
382 12 10.858638743455497 1.3518951793660978 4 1.3518951793660978 4 5.015706806282722 5.015706806282722 9 9 0.5009436408901308 0.5009436408901308 18 
382 12 11.24607329842932 1.3783282291703882 4 1.3783282291703882 4 5.005235602094241 5.005235602094241 10 10 0.4830530185936191 0.4830530185936191 21 
382 12 10.973821989528796 1.3420514492185547 4 1.3420514492185547 4 5.015706806282722 5.015706806282722 8 8 0.4901603181599495 0.4901603181599495 21 
382 12 10.465968586387435 1.3691595702270603 4 1.3691595702270603 4 5.12041884816754 5.12041884816754 10 10 0.5184530655157391 0.5184530655157391 20 
382 12 11.345549738219896 1.3662219910697044 4 1.3662219910697044 4 5.057591623036649 5.057591623036649 9 9 0.49317453298425634 0.49317453298425634 22 
382 12 11.141361256544503 1.339786362595925 4 1.339786362595925 4 5.036649214659686 5.036649214659686 10 10 0.49832459264809775 0.49832459264809775 21 
382 12 10.853403141361257 1.3639893048619078 4 1.3639893048619078 4 4.963350785340314 4.963350785340314 9 9 0.4956349106604202 0.4956349106604202 21 
382 12 10.727748691099476 1.4056030819807988 4 1.4056030819807988 4 5.0837696335078535 5.0837696335078535 10 10 0.5112370636619741 0.5112370636619741 21 
382 12 10.701570680628272 1.4033398144479978 4 1.4033398144479978 4 5.099476439790576 5.099476439790576 9 9 0.5146699136853007 0.5146699136853007 20 
382 12 11.209424083769633 1.3418319238351994 4 1.3418319238351994 4 5.0837696335078535 5.0837696335078535 9 9 0.4968880338881143 0.4968880338881143 24 
382 12 11.073298429319372 1.3545463103680382 4 1.3545463103680382 4 5.130890052356021 5.130890052356021 8 8 0.5018007340281541 0.5018007340281541 21 
382 12 11.031413612565444 1.3580954118696764 4 1.3580954118696764 4 5.151832460732984 5.151832460732984 9 9 0.5081651754430675 0.5081651754430675 21 
382 12 11.167539267015707 1.3785231116170895 4 1.3785231116170895 4 5.0785340314136125 5.0785340314136125 10 10 0.49912759026850123 0.49912759026850123 22 
382 12 10.638743455497382 1.3479653667439984 4 1.3479653667439984 4 5.0680628272251305 5.0680628272251305 9 9 0.5124793739697381 0.5124793739697381 22 
382 12 10.858638743455497 1.3148206449729372 4 1.3148206449729372 4 5.015706806282722 5.015706806282722 9 9 0.49746905545344994 0.49746905545344994 21 
382 12 11.073298429319372 1.35674020721961 4 1.35674020721961 4 5.109947643979058 5.109947643979058 9 9 0.49592241273064047 0.49592241273064047 21 
382 12 11.738219895287958 1.3688624066875825 5 1.3688624066875825 5 5.057591623036649 5.057591623036649 9 9 0.47443687836609943 0.47443687836609943 23 
382 12 10.769633507853403 1.3584805842219536 4 1.3584805842219536 4 4.994764397905759 4.994764397905759 9 9 0.49394748797112176 0.49394748797112176 20 
382 12 10.926701570680628 1.3751821627326382 4 1.3751821627326382 4 5.183246073298429 5.183246073298429 9 9 0.5075070533730753 0.5075070533730753 20 
382 12 10.848167539267015 1.340451643185658 4 1.340451643185658 4 5.12041884816754 5.12041884816754 9 9 0.5109173840102594 0.5109173840102594 21 
382 12 10.895287958115183 1.3850377987319373 4 1.3850377987319373 4 5.0 5.0 9 9 0.4963251730853752 0.4963251730853752 23 
382 12 11.272251308900524 1.3497426543751723 4 1.3497426543751723 4 4.958115183246074 4.958115183246074 9 9 0.4823545097797039 0.4823545097797039 25 
382 12 10.984293193717278 1.3608627792657517 4 1.3608627792657517 4 5.136125654450262 5.136125654450262 9 9 0.4996654243818634 0.4996654243818634 21 
382 12 10.581151832460733 1.3897621719449784 4 1.3897621719449784 4 5.057591623036649 5.057591623036649 9 9 0.5062043463509192 0.5062043463509192 19 
382 12 10.664921465968586 1.299397510671735 4 1.299397510671735 4 5.06282722513089 5.06282722513089 10 10 0.5057079940039718 0.5057079940039718 20 
382 12 10.900523560209423 1.3841848825941196 4 1.3841848825941196 4 5.010471204188482 5.010471204188482 10 10 0.498331887741444 0.498331887741444 22 
382 12 10.738219895287958 1.3414165566856573 4 1.3414165566856573 4 5.109947643979058 5.109947643979058 9 9 0.5072325030400704 0.5072325030400704 20 
382 12 11.036649214659686 1.3588114376233846 4 1.3588114376233846 4 5.0785340314136125 5.0785340314136125 10 10 0.5085902927292959 0.5085902927292959 25 
382 12 10.649214659685864 1.4254691743250156 4 1.4254691743250156 4 5.0 5.0 9 9 0.5096483629457391 0.5096483629457391 19 
382 12 11.25130890052356 1.3419529866781121 4 1.3419529866781121 4 5.099476439790576 5.099476439790576 9 9 0.4842854407302569 0.4842854407302569 22 
382 12 11.015706806282722 1.3476497602030533 4 1.3476497602030533 4 5.026178010471204 5.026178010471204 10 10 0.49698237228842423 0.49698237228842423 22 
382 12 10.643979057591624 1.357582195110965 4 1.357582195110965 4 5.010471204188482 5.010471204188482 9 9 0.5022963716296027 0.5022963716296027 18 
382 12 10.801047120418849 1.348221230402557 4 1.348221230402557 4 4.958115183246074 4.958115183246074 10 10 0.4925096380709256 0.4925096380709256 22 
382 12 11.162303664921465 1.415928676407214 4 1.415928676407214 4 4.9214659685863875 4.9214659685863875 9 9 0.4726057930033667 0.4726057930033667 22 
382 12 10.434554973821989 1.3796720402846436 4 1.3796720402846436 4 5.146596858638744 5.146596858638744 9 9 0.5262482548852151 0.5262482548852151 20 
382 12 10.87434554973822 1.39231851073644 4 1.39231851073644 4 5.0890052356020945 5.0890052356020945 9 9 0.5019325951493098 0.5019325951493098 19 
382 12 11.047120418848168 1.3777562486984818 3 1.3777562486984818 3 5.0837696335078535 5.0837696335078535 9 9 0.49375882628601736 0.49375882628601736 20 
382 12 11.167539267015707 1.3861650845905866 4 1.3861650845905866 4 5.005235602094241 5.005235602094241 9 9 0.4864659758980225 0.4864659758980225 20 
382 12 11.282722513089006 1.3398984442864574 4 1.3398984442864574 4 5.099476439790576 5.099476439790576 9 9 0.4825191060783024 0.4825191060783024 20 
382 12 11.06282722513089 1.3841787390264972 4 1.3841787390264972 4 5.036649214659686 5.036649214659686 9 9 0.4971664017119945 0.4971664017119945 21 
382 12 10.979057591623036 1.3677890970062874 4 1.3677890970062874 4 5.193717277486911 5.193717277486911 10 10 0.5001739449223361 0.5001739449223361 21 
382 12 10.895287958115183 1.3717786577691593 4 1.3717786577691593 4 5.109947643979058 5.109947643979058 9 9 0.5100129264332461 0.5100129264332461 22 
382 12 10.3717277486911 1.3587931156622168 4 1.3587931156622168 4 5.0890052356020945 5.0890052356020945 9 9 0.5153475802888016 0.5153475802888016 20 
382 12 10.575916230366492 1.363644252195663 4 1.363644252195663 4 4.984293193717278 4.984293193717278 10 10 0.5013022279874881 0.5013022279874881 20 
382 12 10.602094240837696 1.3779222461174903 4 1.3779222461174903 4 5.0890052356020945 5.0890052356020945 9 9 0.5122786515165924 0.5122786515165924 20 
382 12 10.696335078534032 1.3140988781418206 3 1.3140988781418206 3 5.06282722513089 5.06282722513089 9 9 0.5062084106056882 0.5062084106056882 19 
382 12 11.214659685863875 1.3845843241992506 4 1.3845843241992506 4 5.157068062827225 5.157068062827225 9 9 0.49754916932655924 0.49754916932655924 21 
382 12 10.44502617801047 1.333258089417383 4 1.333258089417383 4 5.015706806282722 5.015706806282722 9 9 0.5042755180093491 0.5042755180093491 18 
382 12 10.539267015706807 1.3403638570347944 4 1.3403638570347944 4 5.010471204188482 5.010471204188482 9 9 0.5056714790103305 0.5056714790103305 21 
382 12 11.198952879581151 1.383101203233293 4 1.383101203233293 4 5.057591623036649 5.057591623036649 10 10 0.48961532269831765 0.48961532269831765 27 
382 12 10.947643979057592 1.3815964765406155 4 1.3815964765406155 4 5.146596858638744 5.146596858638744 10 10 0.5132284132415834 0.5132284132415834 21 
382 12 11.104712041884817 1.410768593240427 4 1.410768593240427 4 5.162303664921466 5.162303664921466 9 9 0.4970801839730451 0.4970801839730451 22 
382 12 11.015706806282722 1.3654789755292789 4 1.3654789755292789 4 5.0942408376963355 5.0942408376963355 9 9 0.5063118460018498 0.5063118460018498 25 
382 12 10.832460732984293 1.4013417445292693 4 1.4013417445292693 4 5.214659685863874 5.214659685863874 10 10 0.5171265709177223 0.5171265709177223 21 
382 12 10.780104712041885 1.3446790658962355 4 1.3446790658962355 4 5.104712041884817 5.104712041884817 10 10 0.4998422185366005 0.4998422185366005 19 
382 12 11.172774869109947 1.3471655573947128 4 1.3471655573947128 4 5.0942408376963355 5.0942408376963355 9 9 0.492097148873546 0.492097148873546 24 
382 12 10.837696335078535 1.3474613045303316 4 1.3474613045303316 4 5.0732984293193715 5.0785340314136125 9 10 0.503663419746991 0.5040270032257578 21 
382 12 11.078534031413612 1.329395810945459 4 1.329395810945459 4 5.057591623036649 5.057591623036649 9 9 0.4910576487482497 0.4910576487482497 21 
382 12 11.403141361256544 1.381794042349185 4 1.381794042349185 4 4.979057591623037 4.979057591623037 9 9 0.4779807564584613 0.4779807564584613 21 
382 12 11.031413612565444 1.3676972768312032 4 1.3676972768312032 4 5.183246073298429 5.183246073298429 9 9 0.5059243918065016 0.5059243918065016 22 
382 12 11.083769633507853 1.4008581593494542 4 1.4008581593494542 4 5.052356020942408 5.052356020942408 10 10 0.4881637803556625 0.4881637803556625 19 
382 12 11.089005235602095 1.3537811327348295 4 1.3537811327348295 4 5.214659685863874 5.214659685863874 10 10 0.5066666825808867 0.5066666825808867 20 
382 12 10.832460732984293 1.3541635661516351 4 1.3541635661516351 4 5.005235602094241 5.005235602094241 9 9 0.48760241434876345 0.48760241434876345 19 
382 12 10.99476439790576 1.391830027867773 4 1.391830027867773 4 5.0 5.0 9 9 0.49791797522472986 0.49791797522472986 24 
382 12 11.010471204188482 1.3647866188345503 4 1.3647866188345503 4 5.104712041884817 5.109947643979058 9 9 0.5002397452296552 0.5005903435841802 20 
382 12 10.528795811518325 1.3861892179765922 4 1.3861892179765922 4 5.115183246073299 5.115183246073299 9 9 0.5179504928250735 0.5179504928250735 19 
382 12 11.020942408376964 1.3989071997866054 4 1.3989071997866054 4 5.052356020942408 5.057591623036649 10 10 0.500560965362584 0.500855467980385 21 
382 12 10.890052356020943 1.358037056806344 4 1.358037056806344 4 5.036649214659686 5.036649214659686 9 9 0.5056878545314228 0.5056878545314228 22 
382 12 10.973821989528796 1.3538962147099343 4 1.3538962147099343 4 5.0890052356020945 5.0890052356020945 9 9 0.5079453812891043 0.5079453812891043 23 
382 12 11.015706806282722 1.382414213841264 4 1.382414213841264 4 5.0942408376963355 5.0942408376963355 10 10 0.4960252848044009 0.4960252848044009 20 
382 12 11.319371727748692 1.3585102154900783 4 1.3585102154900783 4 5.146596858638744 5.146596858638744 10 10 0.4918376397950662 0.4918376397950662 21 
382 12 10.821989528795811 1.37180821679297 3 1.37180821679297 3 5.020942408376963 5.020942408376963 10 10 0.4968669707912818 0.4968669707912818 21 
382 12 11.408376963350785 1.358001735563421 4 1.358001735563421 4 5.136125654450262 5.136125654450262 10 10 0.492047807193914 0.492047807193914 25 
382 12 10.87434554973822 1.3516377334226422 4 1.3516377334226422 4 4.984293193717278 4.984293193717278 9 9 0.4928594701768925 0.4928594701768925 19 
382 12 10.670157068062828 1.3930423909160454 4 1.3930423909160454 4 5.047120418848167 5.047120418848167 9 9 0.49709832991738995 0.49709832991738995 19 
382 12 10.575916230366492 1.3625566432310132 4 1.3625566432310132 4 4.984293193717278 4.984293193717278 10 10 0.5050350572816655 0.5050350572816655 19 
382 12 10.900523560209423 1.3843266157640068 4 1.3843266157640068 4 5.052356020942408 5.052356020942408 9 9 0.5031506565127682 0.5031506565127682 21 
382 12 10.947643979057592 1.3673218782367407 4 1.3673218782367407 4 5.0732984293193715 5.0732984293193715 10 10 0.5048841698013543 0.5048841698013543 23 
382 12 10.973821989528796 1.3974900019967693 4 1.3974900019967693 4 5.141361256544503 5.141361256544503 9 9 0.5048154487469928 0.5048154487469928 22 
382 12 11.366492146596858 1.353583370510761 4 1.353583370510761 4 5.099476439790576 5.104712041884817 10 10 0.48651793564678797 0.4868028139960335 21 
382 12 10.947643979057592 1.3638121398835579 4 1.3638121398835579 4 5.0785340314136125 5.0785340314136125 9 9 0.4914333085809182 0.4914333085809182 21 
382 12 10.821989528795811 1.3420808595657083 4 1.3420808595657083 4 5.0890052356020945 5.0890052356020945 9 9 0.5056598814774385 0.5056598814774385 20 
382 12 11.041884816753926 1.3860032000730533 4 1.3860032000730533 4 5.146596858638744 5.146596858638744 9 9 0.4962898777745074 0.4962898777745074 22 
382 12 10.989528795811518 1.3740131512849856 4 1.3740131512849856 4 5.047120418848167 5.047120418848167 9 9 0.49907457995855403 0.49907457995855403 21 
382 12 11.115183246073299 1.3588640757796058 4 1.3588640757796058 4 5.020942408376963 5.026178010471204 11 12 0.4939597683243645 0.49435243848143257 22 
382 12 10.612565445026178 1.3588339102025695 4 1.3588339102025695 4 5.136125654450262 5.136125654450262 11 11 0.5128898312140331 0.5128898312140331 21 
382 12 10.99476439790576 1.3652251935050133 4 1.3652251935050133 4 5.0890052356020945 5.0890052356020945 10 10 0.5137147556992596 0.5137147556992596 22 
382 12 11.094240837696335 1.3637940638676918 4 1.3637940638676918 4 5.036649214659686 5.036649214659686 10 10 0.5026443223998406 0.5026443223998406 23 
382 12 10.612565445026178 1.3990506347872707 4 1.3990506347872707 4 5.0732984293193715 5.0732984293193715 8 8 0.5132670005136295 0.5132670005136295 21 
382 12 10.591623036649215 1.3398740609447017 4 1.3398740609447017 4 5.141361256544503 5.141361256544503 10 10 0.5224315340810524 0.5224315340810524 19 
382 12 11.06282722513089 1.380570281755112 4 1.380570281755112 4 5.005235602094241 5.005235602094241 10 10 0.49031651772602974 0.49031651772602974 22 
382 12 11.188481675392671 1.3655890681043206 4 1.3655890681043206 4 5.12565445026178 5.130890052356021 10 11 0.5028820835145097 0.5033382155151443 20 
382 12 10.528795811518325 1.3495257692749765 4 1.3495257692749765 4 5.099476439790576 5.099476439790576 9 9 0.5088779583610843 0.5088779583610843 19 
382 12 11.340314136125654 1.4022092294511899 4 1.4022092294511899 4 5.0890052356020945 5.0890052356020945 9 9 0.4867541817946445 0.4867541817946445 22 
382 12 11.031413612565444 1.3421003888380842 4 1.3421003888380842 4 5.104712041884817 5.104712041884817 9 9 0.5006933353294573 0.5006933353294573 20 
382 12 11.157068062827225 1.378189919283707 4 1.378189919283707 4 5.036649214659686 5.036649214659686 9 9 0.49146765155115 0.49146765155115 21 
