414 13 11.42512077294686 1.3362303390157262 3 1.3362303390157262 3 5.256038647342995 5.256038647342995 10 10 0.48818146836694687 0.48818146836694687 21 
414 13 11.676328502415458 1.406778111896911 4 1.406778111896911 4 5.202898550724638 5.202898550724638 9 9 0.4823997160980068 0.4823997160980068 25 
414 13 11.647342995169081 1.3972767823501326 4 1.3972767823501326 4 5.144927536231884 5.144927536231884 9 9 0.4784405602376719 0.4784405602376719 24 
414 13 12.144927536231885 1.3753164118001628 4 1.3753164118001628 4 5.328502415458937 5.328502415458937 9 9 0.47307973503815937 0.47307973503815937 23 
414 13 11.966183574879228 1.3768608212522684 4 1.3768608212522684 4 5.125603864734299 5.125603864734299 9 9 0.4569450637679877 0.4569450637679877 22 
414 13 11.980676328502415 1.3699504030407452 4 1.3699504030407452 4 5.164251207729468 5.164251207729468 10 10 0.4667415970748639 0.4667415970748639 22 
414 13 12.014492753623188 1.373904545141738 4 1.373904545141738 4 5.178743961352657 5.178743961352657 10 10 0.4664770227113427 0.4664770227113427 23 
414 13 12.183574879227054 1.3718103007394076 4 1.3718103007394076 4 5.231884057971015 5.231884057971015 10 10 0.4743715286432797 0.4743715286432797 27 
414 13 11.599033816425122 1.3509560781013736 4 1.3509560781013736 4 5.304347826086956 5.304347826086956 9 9 0.4827404500537949 0.4827404500537949 22 
414 13 11.603864734299517 1.362818961872417 4 1.362818961872417 4 5.1980676328502415 5.1980676328502415 9 9 0.47818777257800005 0.47818777257800005 22 
414 13 12.42512077294686 1.3695464991050532 4 1.3695464991050532 4 5.120772946859903 5.120772946859903 10 10 0.45995770700416744 0.45995770700416744 24 
414 13 11.570048309178745 1.336091941292437 4 1.336091941292437 4 5.236714975845411 5.236714975845411 10 10 0.4748590274538705 0.4748590274538705 18 
414 13 11.483091787439614 1.3876245876632618 4 1.3876245876632618 4 5.144927536231884 5.144927536231884 10 10 0.48017076950003146 0.48017076950003146 21 
414 13 11.492753623188406 1.3677386893341044 4 1.3677386893341044 4 5.222222222222222 5.222222222222222 10 10 0.48265080774932523 0.48265080774932523 23 
414 13 11.748792270531402 1.3892109964694348 4 1.3892109964694348 4 5.222222222222222 5.222222222222222 9 9 0.4761261179655314 0.4761261179655314 22 
414 13 11.666666666666666 1.3770762364230895 4 1.3770762364230895 4 5.183574879227053 5.183574879227053 10 10 0.47141162992486735 0.47141162992486735 23 
414 13 12.342995169082126 1.3729585890574014 4 1.3729585890574014 4 5.154589371980676 5.154589371980676 10 10 0.45658978518846677 0.45658978518846677 24 
414 13 11.579710144927537 1.3558632086133406 4 1.3558632086133406 4 5.1980676328502415 5.1980676328502415 9 9 0.4843930847859709 0.4843930847859709 22 
414 13 11.333333333333334 1.3671306290703604 4 1.3671306290703604 4 5.241545893719807 5.241545893719807 10 10 0.48916889581430584 0.48916889581430584 20 
414 13 12.294685990338165 1.3729465093845472 4 1.3729465093845472 4 5.188405797101449 5.188405797101449 11 11 0.45586474620683315 0.45586474620683315 23 
414 13 12.072463768115941 1.3795763317201768 4 1.3795763317201768 4 5.2270531400966185 5.2270531400966185 10 10 0.4630583665236717 0.4630583665236717 21 
414 13 11.772946859903382 1.4078807216935307 4 1.4078807216935307 4 5.140096618357488 5.140096618357488 10 10 0.4730208434750076 0.4730208434750076 24 
414 13 12.26086956521739 1.356216864106793 4 1.356216864106793 4 5.236714975845411 5.236714975845411 10 10 0.46965663297954674 0.46965663297954674 29 
414 13 11.985507246376812 1.3600765272122741 4 1.3600765272122741 4 5.169082125603865 5.169082125603865 9 9 0.46608835495322026 0.46608835495322026 22 
414 13 11.352657004830919 1.3636335506431254 4 1.3636335506431254 4 5.115942028985507 5.120772946859903 9 9 0.47469775304247225 0.4749456554070794 21 
414 13 11.405797101449275 1.3661758894380753 4 1.3661758894380753 4 5.2270531400966185 5.2270531400966185 11 11 0.49460200015456446 0.49460200015456446 22 
414 13 11.980676328502415 1.3516167397686096 4 1.3516167397686096 4 5.2898550724637685 5.2898550724637685 10 10 0.4733530262344709 0.4733530262344709 22 
414 13 12.053140096618357 1.3864551757293002 4 1.3864551757293002 4 5.27536231884058 5.27536231884058 9 9 0.4613432116359838 0.4613432116359838 22 
414 13 12.048309178743962 1.373330304010138 4 1.373330304010138 4 5.309178743961352 5.309178743961352 10 10 0.4768806283738267 0.4768806283738267 25 
414 13 11.806763285024154 1.3638924362283467 4 1.3638924362283467 4 5.202898550724638 5.202898550724638 9 9 0.4749953182101554 0.4749953182101554 23 
414 13 11.927536231884059 1.3787652826485788 4 1.3787652826485788 4 5.2898550724637685 5.2898550724637685 9 9 0.47446408254362454 0.47446408254362454 21 
414 13 11.840579710144928 1.3643481137107232 4 1.3643481137107232 4 5.265700483091788 5.265700483091788 10 10 0.475030771684356 0.475030771684356 26 
414 13 11.468599033816425 1.363383719287676 3 1.363383719287676 3 5.21256038647343 5.21256038647343 9 9 0.4810619077834832 0.4810619077834832 20 
414 13 12.159420289855072 1.3655949155619986 4 1.3655949155619986 4 5.294685990338165 5.294685990338165 10 10 0.46362326797530096 0.46362326797530096 22 
414 13 11.797101449275363 1.3845337258847377 4 1.3845337258847377 4 5.154589371980676 5.154589371980676 9 9 0.47350425467180784 0.47350425467180784 22 
414 13 12.357487922705314 1.3495899892628909 4 1.3495899892628909 4 5.309178743961352 5.309178743961352 9 9 0.4663281942416083 0.4663281942416083 21 
414 13 12.02415458937198 1.383329545431722 4 1.383329545431722 4 5.14975845410628 5.154589371980676 10 10 0.47132974882813516 0.47156554362914743 23 
414 13 11.458937198067632 1.3672482729845872 4 1.3672482729845872 4 5.193236714975845 5.193236714975845 10 10 0.4782583618174434 0.4782583618174434 21 
414 13 11.371980676328503 1.379402783283684 4 1.379402783283684 4 5.164251207729468 5.164251207729468 10 10 0.4878721903938401 0.4878721903938401 22 
414 13 11.570048309178745 1.3752440891404776 3 1.3752440891404776 3 5.256038647342995 5.256038647342995 10 10 0.47574276584405867 0.47574276584405867 20 
414 13 11.309178743961352 1.3568135151150285 5 1.3568135151150285 5 5.120772946859903 5.120772946859903 10 10 0.48371616566836884 0.48371616566836884 21 
414 13 11.922705314009661 1.3462875747429037 5 1.3462875747429037 5 5.178743961352657 5.178743961352657 11 11 0.4630006468830676 0.4630006468830676 21 
414 13 11.657004830917874 1.3571081844871085 4 1.3571081844871085 4 5.14975845410628 5.14975845410628 10 10 0.4672763136790108 0.4672763136790108 23 
414 13 11.516908212560386 1.366644153557916 4 1.366644153557916 4 5.144927536231884 5.144927536231884 10 10 0.4844419735979281 0.4844419735979281 21 
414 13 11.72463768115942 1.3611430896772414 4 1.3611430896772414 4 5.193236714975845 5.193236714975845 9 9 0.4756520777875722 0.4756520777875722 19 
414 13 11.690821256038648 1.388130028991146 4 1.388130028991146 4 5.246376811594203 5.246376811594203 9 9 0.4868895111437189 0.4868895111437189 23 
414 13 12.08695652173913 1.3683376534051481 4 1.3683376534051481 4 5.323671497584541 5.323671497584541 10 10 0.4759441038314374 0.4759441038314374 21 
414 13 11.705314009661835 1.395935943840115 4 1.395935943840115 4 5.251207729468599 5.251207729468599 9 9 0.48159782164073545 0.48159782164073545 23 
414 13 12.135265700483092 1.384362080502784 4 1.384362080502784 4 5.1352657004830915 5.1352657004830915 9 9 0.46109810558107106 0.46109810558107106 24 
414 13 11.285024154589372 1.3803647185356873 4 1.3803647185356873 4 5.188405797101449 5.188405797101449 10 10 0.48747605952590983 0.48747605952590983 21 
414 13 11.743961352657005 1.3581938847845723 4 1.3581938847845723 4 5.159420289855072 5.159420289855072 10 10 0.4691763113421481 0.4691763113421481 24 
414 13 11.628019323671497 1.3690589567586315 4 1.3690589567586315 4 5.169082125603865 5.169082125603865 9 9 0.4704319219353207 0.4704319219353207 19 
414 13 11.898550724637682 1.3659184977019438 4 1.3659184977019438 4 5.1352657004830915 5.140096618357488 10 11 0.46073585825288443 0.46112837033017917 23 
414 13 11.81159420289855 1.3820578660585479 4 1.3820578660585479 4 5.120772946859903 5.120772946859903 9 9 0.4660351318463941 0.4660351318463941 25 
414 13 11.42512077294686 1.3272489524160802 4 1.3272489524160802 4 5.236714975845411 5.236714975845411 10 10 0.49328526886043617 0.49328526886043617 20 
414 13 12.130434782608695 1.3721550133171416 5 1.3721550133171416 5 5.159420289855072 5.159420289855072 9 9 0.4614828406734929 0.4614828406734929 26 
414 13 11.81159420289855 1.3691963800488756 4 1.3691963800488756 4 5.091787439613527 5.091787439613527 9 9 0.46873056223882975 0.46873056223882975 22 
414 13 11.371980676328503 1.3634985061868308 4 1.3634985061868308 4 5.21256038647343 5.21256038647343 9 9 0.4916029854559047 0.4916029854559047 20 
414 13 11.840579710144928 1.3756840981263168 4 1.3756840981263168 4 5.27536231884058 5.27536231884058 9 9 0.47870918773855475 0.47870918773855475 22 
414 13 11.51207729468599 1.3678577941470875 4 1.3678577941470875 4 5.178743961352657 5.178743961352657 9 9 0.47189623450812707 0.47189623450812707 21 
414 13 11.768115942028986 1.3739693393380623 4 1.3739693393380623 4 5.27536231884058 5.27536231884058 10 10 0.4839073162765523 0.4839073162765523 26 
414 13 11.48792270531401 1.392101126915591 4 1.392101126915591 4 5.217391304347826 5.217391304347826 10 10 0.4953099104762633 0.4953099104762633 21 
414 13 12.251207729468598 1.380377927540669 4 1.380377927540669 4 5.207729468599034 5.207729468599034 9 9 0.4575584676522591 0.4575584676522591 25 
414 13 12.367149758454106 1.422166535405283 4 1.422166535405283 4 5.256038647342995 5.256038647342995 10 10 0.4617060217799391 0.4617060217799391 23 
414 13 11.502415458937199 1.3701279352755134 4 1.3701279352755134 4 5.21256038647343 5.21256038647343 10 10 0.4780970013473832 0.4780970013473832 19 
414 13 11.729468599033817 1.3575395078575148 4 1.3575395078575148 4 5.159420289855072 5.159420289855072 11 11 0.48006752075263714 0.48006752075263714 24 
414 13 11.797101449275363 1.3528247887354028 4 1.3528247887354028 4 5.217391304347826 5.222222222222222 10 10 0.47583841132063875 0.4761336340796296 23 
414 13 12.144927536231885 1.3596174757032884 4 1.3596174757032884 4 5.256038647342995 5.256038647342995 9 9 0.46969337165385133 0.46969337165385133 23 
414 13 12.207729468599034 1.3902756014030617 4 1.3902756014030617 4 5.270531400966184 5.27536231884058 9 9 0.47088379672802044 0.4712421340428795 26 
414 13 11.342995169082126 1.3418693010225202 4 1.3418693010225202 4 5.169082125603865 5.169082125603865 9 9 0.4798887650050883 0.4798887650050883 20 
414 13 12.009661835748792 1.3394175354548938 4 1.3394175354548938 4 5.270531400966184 5.270531400966184 10 10 0.47545763688515597 0.47545763688515597 25 
414 13 11.96135265700483 1.3365105775040684 4 1.3365105775040684 4 5.164251207729468 5.164251207729468 9 9 0.4600258819571091 0.4600258819571091 21 
414 13 11.893719806763285 1.372094240748811 4 1.372094240748811 4 5.115942028985507 5.115942028985507 9 9 0.464365498892241 0.464365498892241 25 
414 13 11.396135265700483 1.4070386283570966 4 1.4070386283570966 4 5.144927536231884 5.144927536231884 10 10 0.4821643793104171 0.4821643793104171 22 
414 13 11.584541062801932 1.3654082583580547 4 1.3654082583580547 4 5.2270531400966185 5.2270531400966185 9 9 0.47642613177650417 0.47642613177650417 20 
414 13 11.57487922705314 1.329687706354194 4 1.329687706354194 4 5.270531400966184 5.270531400966184 9 9 0.48773286472870325 0.48773286472870325 20 
414 13 12.400966183574878 1.3954790328477809 4 1.3954790328477809 4 5.260869565217392 5.265700483091788 9 10 0.45382594509523966 0.45412906151088805 22 
414 13 11.93719806763285 1.3456540488400877 4 1.3456540488400877 4 5.144927536231884 5.144927536231884 9 9 0.4643543829352824 0.4643543829352824 21 
414 13 12.043478260869565 1.372368546461926 4 1.372368546461926 4 5.1352657004830915 5.1352657004830915 9 9 0.46606996424603125 0.46606996424603125 21 
414 13 12.594202898550725 1.3598356903050821 4 1.3598356903050821 4 5.333333333333333 5.338164251207729 10 10 0.46217596528774246 0.46245406088906466 23 
414 13 11.932367149758454 1.3857523137778236 5 1.3857523137778236 5 5.21256038647343 5.21256038647343 11 11 0.4804867641396936 0.4804867641396936 24 
414 13 11.864734299516908 1.377093669979466 4 1.377093669979466 4 5.2898550724637685 5.2898550724637685 9 9 0.4843969305650026 0.4843969305650026 24 
414 13 11.608695652173912 1.3308719121680985 4 1.3308719121680985 4 5.173913043478261 5.173913043478261 9 9 0.47929157480801976 0.47929157480801976 22 
414 13 12.26086956521739 1.4009702048280326 4 1.4009702048280326 4 5.120772946859903 5.120772946859903 9 9 0.45042709128052855 0.45042709128052855 26 
414 13 11.898550724637682 1.3716151816095883 4 1.3716151816095883 4 5.27536231884058 5.27536231884058 10 10 0.47776210475626096 0.47776210475626096 20 
414 13 12.21256038647343 1.363258490589292 4 1.363258490589292 4 5.164251207729468 5.164251207729468 10 10 0.4643248034700405 0.4643248034700405 23 
414 13 11.748792270531402 1.3951228714423325 4 1.3951228714423325 4 5.115942028985507 5.115942028985507 11 11 0.4696217483764597 0.4696217483764597 21 
414 13 11.898550724637682 1.349338033897574 4 1.349338033897574 4 5.231884057971015 5.231884057971015 9 9 0.4785620945836812 0.4785620945836812 23 
414 13 11.516908212560386 1.3619681233446184 4 1.3619681233446184 4 5.217391304347826 5.217391304347826 10 10 0.48365909896959364 0.48365909896959364 24 
414 13 11.879227053140097 1.399964562989163 4 1.399964562989163 4 5.270531400966184 5.270531400966184 10 10 0.46895488676067065 0.46895488676067065 22 
414 13 12.270531400966183 1.361568523166421 4 1.361568523166421 4 5.265700483091788 5.265700483091788 10 10 0.4642626414634147 0.4642626414634147 23 
414 13 11.753623188405797 1.3774436724181158 4 1.3774436724181158 4 5.1980676328502415 5.1980676328502415 10 10 0.4758189669716007 0.4758189669716007 22 
414 13 12.077294685990339 1.37060196870625 4 1.37060196870625 4 5.21256038647343 5.21256038647343 9 9 0.4637843773873188 0.4637843773873188 21 
414 13 11.772946859903382 1.358909458156052 4 1.358909458156052 4 5.207729468599034 5.207729468599034 10 10 0.4864532529928841 0.4864532529928841 21 
414 13 11.801932367149758 1.346967621459771 4 1.346967621459771 4 5.159420289855072 5.159420289855072 9 9 0.46775924730982626 0.46775924730982626 21 
414 13 12.096618357487923 1.3915327036045015 4 1.3915327036045015 4 5.2270531400966185 5.2270531400966185 9 9 0.46918261883824824 0.46918261883824824 24 
414 13 11.33816425120773 1.3513091852065913 4 1.3513091852065913 4 5.096618357487923 5.096618357487923 9 9 0.4780363680804526 0.4780363680804526 21 
414 13 11.584541062801932 1.3794676449361256 4 1.3794676449361256 4 5.256038647342995 5.256038647342995 10 10 0.48275264580313526 0.48275264580313526 21 
414 13 12.009661835748792 1.3466416192987583 4 1.3466416192987583 4 5.106280193236715 5.106280193236715 9 9 0.4556793733334431 0.4556793733334431 22 
414 13 11.429951690821255 1.3315471954506624 4 1.3315471954506624 4 5.193236714975845 5.193236714975845 10 10 0.4811912391782387 0.4811912391782387 21 
414 13 11.405797101449275 1.361394191254319 4 1.361394191254319 4 5.202898550724638 5.202898550724638 10 10 0.4894445903332815 0.4894445903332815 22 
414 13 11.690821256038648 1.3810493718327308 4 1.3810493718327308 4 5.285024154589372 5.285024154589372 9 9 0.4904672547979183 0.4904672547979183 22 
414 13 11.507246376811594 1.4043920957133305 4 1.4043920957133305 4 5.144927536231884 5.144927536231884 9 9 0.473645614056504 0.473645614056504 21 
414 13 12.169082125603865 1.39518021723117 4 1.39518021723117 4 5.260869565217392 5.260869565217392 9 9 0.4721621400899241 0.4721621400899241 23 
414 13 11.990338164251208 1.3631333693003997 4 1.3631333693003997 4 5.285024154589372 5.285024154589372 9 9 0.4748018834330359 0.4748018834330359 21 
414 13 12.202898550724637 1.3640050295202664 4 1.3640050295202664 4 5.256038647342995 5.256038647342995 9 9 0.4610258812220722 0.4610258812220722 21 
414 13 12.328502415458937 1.3531791792147534 4 1.3531791792147534 4 5.183574879227053 5.183574879227053 10 10 0.4581783102260534 0.4581783102260534 26 
414 13 11.38647342995169 1.3258292907229101 4 1.3258292907229101 4 5.130434782608695 5.130434782608695 9 9 0.47996207312344547 0.47996207312344547 24 
414 13 11.748792270531402 1.3685383144473011 4 1.3685383144473011 4 5.1980676328502415 5.202898550724638 11 11 0.48075317852514227 0.4810731752219505 21 
414 13 12.1256038647343 1.3581070540464848 4 1.3581070540464848 4 5.207729468599034 5.207729468599034 9 9 0.4662218327846543 0.4662218327846543 23 
414 13 11.55072463768116 1.3487964226099178 4 1.3487964226099178 4 5.1980676328502415 5.1980676328502415 9 9 0.4749276393466395 0.4749276393466395 20 
414 13 11.816425120772946 1.3847539546259435 4 1.3847539546259435 4 5.067632850241546 5.067632850241546 10 10 0.4670183056669819 0.4670183056669819 26 
414 13 11.492753623188406 1.3499190932353198 4 1.3499190932353198 4 5.299516908212561 5.304347826086956 9 9 0.4934444635639746 0.49369367758130445 23 
414 13 11.63768115942029 1.3474390658254065 4 1.3474390658254065 4 5.096618357487923 5.096618357487923 10 10 0.47239981128711156 0.47239981128711156 26 
414 13 11.893719806763285 1.3910950206988348 4 1.3910950206988348 4 5.14975845410628 5.14975845410628 9 9 0.4626987533014592 0.4626987533014592 22 
414 13 11.594202898550725 1.3898358032753941 4 1.3898358032753941 4 5.178743961352657 5.178743961352657 10 10 0.47100162470081025 0.47100162470081025 20 
414 13 12.02415458937198 1.362668991119583 4 1.362668991119583 4 5.314009661835748 5.314009661835748 9 9 0.47244867017464265 0.47244867017464265 22 
414 13 11.985507246376812 1.3809523794643301 4 1.3809523794643301 4 5.222222222222222 5.222222222222222 9 9 0.47261251950632704 0.47261251950632704 26 
414 13 11.531400966183575 1.3796062689943294 4 1.3796062689943294 4 5.280193236714976 5.280193236714976 9 9 0.4872282531913148 0.4872282531913148 21 
414 13 12.043478260869565 1.377127625427763 4 1.377127625427763 4 5.164251207729468 5.164251207729468 11 11 0.46083576583028163 0.46083576583028163 24 
414 13 11.400966183574878 1.3541702415276375 4 1.3541702415276375 4 5.193236714975845 5.193236714975845 9 9 0.48885232533968365 0.48885232533968365 21 
414 13 12.140096618357488 1.39375172038294 4 1.39375172038294 4 5.270531400966184 5.270531400966184 9 9 0.47515889222151736 0.47515889222151736 24 
414 13 12.033816425120772 1.3754741049645984 4 1.3754741049645984 4 5.21256038647343 5.21256038647343 10 10 0.46948846576341985 0.46948846576341985 23 
414 13 11.565217391304348 1.35005622602839 3 1.35005622602839 3 5.125603864734299 5.125603864734299 10 10 0.47474523238701943 0.47474523238701943 22 
