446 14 13.031390134529149 1.3703379099719915 4 1.3703379099719915 4 5.201793721973094 5.201793721973094 10 10 0.4393808861026099 0.4393808861026099 26 
446 14 12.84304932735426 1.3697617453918642 4 1.3697617453918642 4 5.3408071748878925 5.3408071748878925 10 10 0.44773006004151006 0.44773006004151006 25 
446 14 12.681614349775785 1.394975639610003 4 1.394975639610003 4 5.260089686098655 5.260089686098655 10 10 0.44690572447243326 0.44690572447243326 24 
446 14 13.152466367713005 1.3899711878643377 4 1.3899711878643377 4 5.318385650224215 5.318385650224215 10 10 0.44529249826576073 0.44529249826576073 26 
446 14 12.73542600896861 1.3455238147674027 5 1.3455238147674027 5 5.37219730941704 5.37219730941704 9 9 0.44767298298159164 0.44767298298159164 22 
446 14 12.964125560538116 1.4108210470645288 4 1.4108210470645288 4 5.36322869955157 5.36322869955157 10 10 0.44694897403106515 0.44694897403106515 23 
446 14 12.887892376681615 1.365879111572929 4 1.365879111572929 4 5.318385650224215 5.318385650224215 9 9 0.445906518406491 0.445906518406491 23 
446 14 12.31390134529148 1.3784062456948656 4 1.3784062456948656 4 5.291479820627803 5.291479820627803 9 9 0.45550829789985897 0.45550829789985897 23 
446 14 12.919282511210762 1.3784557604407666 4 1.3784557604407666 4 5.2959641255605385 5.2959641255605385 10 10 0.4477197661466666 0.4477197661466666 23 
446 14 13.237668161434977 1.3715118034525677 4 1.3715118034525677 4 5.367713004484305 5.367713004484305 10 10 0.437952511183643 0.437952511183643 26 
446 14 12.959641255605382 1.3631697665624025 5 1.3631697665624025 5 5.260089686098655 5.260089686098655 10 10 0.43982914499479975 0.43982914499479975 26 
446 14 12.991031390134529 1.3688133040936985 4 1.3688133040936985 4 5.286995515695067 5.291479820627803 9 10 0.44519924508450415 0.4454490849307566 26 
446 14 12.331838565022421 1.4028161510454504 4 1.4028161510454504 4 5.201793721973094 5.201793721973094 9 9 0.4467618984540126 0.4467618984540126 22 
446 14 12.820627802690582 1.3759130976527343 4 1.3759130976527343 4 5.26457399103139 5.26457399103139 10 10 0.43903177349185607 0.43903177349185607 23 
446 14 12.63677130044843 1.3676098353537078 5 1.3676098353537078 5 5.242152466367713 5.242152466367713 10 10 0.44154925380430066 0.44154925380430066 22 
446 14 13.192825112107624 1.3958854526561983 4 1.3958854526561983 4 5.403587443946188 5.403587443946188 9 9 0.4549617947099394 0.4549617947099394 28 
446 14 12.928251121076233 1.3615281215647734 4 1.3615281215647734 4 5.228699551569507 5.228699551569507 9 9 0.4407441070185152 0.4407441070185152 25 
446 14 12.591928251121077 1.3901271615017927 4 1.3901271615017927 4 5.313901345291479 5.313901345291479 9 9 0.44941542194704914 0.44941542194704914 26 
446 14 12.991031390134529 1.4084680232795492 4 1.4084680232795492 4 5.3408071748878925 5.3408071748878925 10 10 0.44703470141560636 0.44703470141560636 25 
446 14 12.721973094170403 1.3691336808215073 4 1.3691336808215073 4 5.381165919282512 5.381165919282512 9 9 0.45083157157917847 0.45083157157917847 23 
446 14 13.237668161434977 1.3940209047648358 4 1.3940209047648358 4 5.246636771300448 5.246636771300448 9 9 0.43807246048215065 0.43807246048215065 24 
446 14 12.448430493273543 1.4005451929079191 4 1.4005451929079191 4 5.286995515695067 5.286995515695067 10 10 0.45553475601589105 0.45553475601589105 25 
446 14 13.10762331838565 1.3955770738468711 4 1.3955770738468711 4 5.286995515695067 5.291479820627803 10 11 0.43555727403223976 0.4358616386204345 25 
446 14 12.896860986547086 1.3380553389824352 4 1.3380553389824352 4 5.228699551569507 5.228699551569507 10 10 0.43681159278253895 0.43681159278253895 24 
446 14 12.739910313901346 1.375549170980965 4 1.375549170980965 4 5.354260089686099 5.354260089686099 11 11 0.4553882368713028 0.4553882368713028 22 
446 14 12.67713004484305 1.3400028318039223 4 1.3400028318039223 4 5.219730941704036 5.219730941704036 10 10 0.4434236733080778 0.4434236733080778 22 
446 14 12.515695067264573 1.3785042912673482 4 1.3785042912673482 4 5.36322869955157 5.36322869955157 10 10 0.4579002270646439 0.4579002270646439 21 
446 14 12.582959641255606 1.3810453843793322 4 1.3810453843793322 4 5.304932735426009 5.304932735426009 11 11 0.45092363980595596 0.45092363980595596 26 
446 14 13.04932735426009 1.3904536578210651 4 1.3904536578210651 4 5.197309417040358 5.197309417040358 10 10 0.43256367003084467 0.43256367003084467 26 
446 14 12.327354260089686 1.3410343735717025 4 1.3410343735717025 4 5.286995515695067 5.286995515695067 10 10 0.4616504018287278 0.4616504018287278 23 
446 14 12.807174887892376 1.371923542574202 4 1.371923542574202 4 5.385650224215246 5.385650224215246 9 9 0.46036629503832416 0.46036629503832416 27 
446 14 12.968609865470851 1.4220499778847633 4 1.4220499778847633 4 5.3408071748878925 5.3408071748878925 10 10 0.4396805022158899 0.4396805022158899 24 
446 14 12.98206278026906 1.3763605349974253 4 1.3763605349974253 4 5.318385650224215 5.318385650224215 10 10 0.4397228315472145 0.4397228315472145 23 
446 14 13.197309417040358 1.3779597007422602 4 1.3779597007422602 4 5.291479820627803 5.291479820627803 9 9 0.43704478696015675 0.43704478696015675 25 
446 14 12.789237668161435 1.3627010336367475 4 1.3627010336367475 4 5.3408071748878925 5.3408071748878925 10 10 0.44991069391955707 0.44991069391955707 24 
446 14 12.79372197309417 1.3770184799661211 4 1.3770184799661211 4 5.246636771300448 5.251121076233184 10 11 0.4466087562034819 0.44687567911614473 25 
446 14 12.914798206278027 1.3935186132385102 4 1.3935186132385102 4 5.322869955156951 5.322869955156951 9 9 0.442973981197735 0.442973981197735 24 
446 14 12.4304932735426 1.3583038655594686 4 1.3583038655594686 4 5.273542600896861 5.273542600896861 9 9 0.4504375106377467 0.4504375106377467 24 
446 14 12.354260089686099 1.3814280314733995 4 1.3814280314733995 4 5.26457399103139 5.26457399103139 10 10 0.45452037289925507 0.45452037289925507 22 
446 14 12.63677130044843 1.355764947486316 4 1.355764947486316 4 5.278026905829597 5.278026905829597 9 9 0.4438404373362 0.4438404373362 21 
446 14 13.188340807174887 1.3631736555705458 4 1.3631736555705458 4 5.273542600896861 5.273542600896861 9 9 0.43786658123225924 0.43786658123225924 23 
446 14 12.340807174887892 1.3858961122511873 4 1.3858961122511873 4 5.313901345291479 5.322869955156951 10 11 0.45076378327994016 0.45136545892777774 21 
446 14 12.506726457399104 1.3735741901730718 4 1.3735741901730718 4 5.255605381165919 5.255605381165919 10 10 0.44478902441068763 0.44478902441068763 22 
446 14 13.20627802690583 1.3823916946163188 4 1.3823916946163188 4 5.291479820627803 5.291479820627803 10 10 0.43398708892083976 0.43398708892083976 23 
446 14 12.74439461883408 1.3285555290280862 4 1.3285555290280862 4 5.2959641255605385 5.2959641255605385 9 9 0.4456842464880163 0.4456842464880163 25 
446 14 13.188340807174887 1.382757240802805 4 1.382757240802805 4 5.313901345291479 5.313901345291479 9 9 0.43723898096806557 0.43723898096806557 24 
446 14 12.914798206278027 1.3698829588586179 4 1.3698829588586179 4 5.3408071748878925 5.345291479820628 9 10 0.4488614190657035 0.4492207383712112 25 
446 14 13.040358744394618 1.3655226574706372 4 1.3655226574706372 4 5.336322869955157 5.3408071748878925 10 10 0.4420646151955275 0.44230128684475517 27 
446 14 12.878923766816143 1.3719897578451419 4 1.3719897578451419 4 5.322869955156951 5.322869955156951 9 9 0.45357352782894705 0.45357352782894705 28 
446 14 13.076233183856502 1.3639222215825082 4 1.3639222215825082 4 5.318385650224215 5.318385650224215 9 9 0.4410961600254697 0.4410961600254697 25 
446 14 12.834080717488789 1.3795239636389731 4 1.3795239636389731 4 5.367713004484305 5.367713004484305 10 10 0.4476399530873034 0.4476399530873034 25 
446 14 12.591928251121077 1.3563487704546977 4 1.3563487704546977 4 5.304932735426009 5.304932735426009 13 13 0.44746630790880354 0.44746630790880354 21 
446 14 12.968609865470851 1.384242855773368 5 1.384242855773368 5 5.331838565022421 5.331838565022421 10 10 0.4479267420913923 0.4479267420913923 26 
446 14 12.847533632286995 1.390483943789922 4 1.390483943789922 4 5.273542600896861 5.278026905829597 9 9 0.4410143207008625 0.44134130126887444 25 
446 14 13.573991031390134 1.3812188551548878 4 1.3812188551548878 4 5.318385650224215 5.318385650224215 10 10 0.4327066075558117 0.4327066075558117 25 
446 14 12.269058295964125 1.3748488959011935 4 1.3748488959011935 4 5.367713004484305 5.367713004484305 9 9 0.4654362913981439 0.4654362913981439 21 
446 14 12.766816143497758 1.383575216762378 4 1.383575216762378 4 5.2690582959641254 5.2690582959641254 11 11 0.45008954524016603 0.45008954524016603 29 
446 14 12.32286995515695 1.3573510308776213 4 1.3573510308776213 4 5.318385650224215 5.318385650224215 9 9 0.455660006975536 0.455660006975536 21 
446 14 12.757847533632287 1.3543714245111527 4 1.3543714245111527 4 5.291479820627803 5.291479820627803 10 10 0.44824089019222657 0.44824089019222657 25 
446 14 12.650224215246636 1.3744664636686375 4 1.3744664636686375 4 5.358744394618834 5.358744394618834 10 10 0.4504115876034768 0.4504115876034768 23 
446 14 12.977578475336323 1.3648956998270334 5 1.3648956998270334 5 5.26457399103139 5.26457399103139 9 9 0.445472188048785 0.445472188048785 27 
446 14 12.67713004484305 1.3469213501520336 4 1.3469213501520336 4 5.260089686098655 5.260089686098655 10 10 0.44450147253523353 0.44450147253523353 22 
446 14 12.439461883408072 1.3800078762028585 4 1.3800078762028585 4 5.318385650224215 5.318385650224215 9 9 0.45258040647111397 0.45258040647111397 22 
446 14 13.116591928251122 1.3599501398584097 4 1.3599501398584097 4 5.313901345291479 5.313901345291479 11 11 0.4439781923874912 0.4439781923874912 30 
446 14 12.36322869955157 1.343786121474994 4 1.343786121474994 4 5.300448430493273 5.300448430493273 10 10 0.4563443293555361 0.4563443293555361 23 
446 14 12.977578475336323 1.3882236121231002 4 1.3882236121231002 4 5.322869955156951 5.322869955156951 9 9 0.4454447420766315 0.4454447420766315 23 
446 14 12.650224215246636 1.3499830939621125 4 1.3499830939621125 4 5.336322869955157 5.336322869955157 9 9 0.44522755337514014 0.44522755337514014 24 
446 14 12.645739910313901 1.3369675041257247 5 1.3369675041257247 5 5.2152466367713 5.2152466367713 9 9 0.44836679852454764 0.44836679852454764 22 
446 14 13.116591928251122 1.3619461083210258 4 1.3619461083210258 4 5.260089686098655 5.260089686098655 10 10 0.4285106506786321 0.4285106506786321 22 
446 14 12.941704035874439 1.3314390466479116 4 1.3314390466479116 4 5.246636771300448 5.246636771300448 10 10 0.433583948823471 0.433583948823471 21 
446 14 13.152466367713005 1.376161221927845 4 1.376161221927845 4 5.385650224215246 5.385650224215246 10 10 0.4430470966059138 0.4430470966059138 27 
446 14 12.89237668161435 1.416360114248932 4 1.416360114248932 4 5.2959641255605385 5.2959641255605385 11 11 0.43805417468837765 0.43805417468837765 22 
446 14 13.040358744394618 1.3846290011301952 4 1.3846290011301952 4 5.358744394618834 5.358744394618834 10 10 0.4502050964217382 0.4502050964217382 27 
446 14 13.076233183856502 1.3705487814686714 4 1.3705487814686714 4 5.331838565022421 5.331838565022421 10 10 0.4494811158771612 0.4494811158771612 30 
446 14 12.251121076233185 1.3977872312564195 4 1.3977872312564195 4 5.354260089686099 5.354260089686099 10 10 0.4567206201519296 0.4567206201519296 22 
446 14 13.233183856502242 1.3680008767302199 4 1.3680008767302199 4 5.345291479820628 5.345291479820628 9 9 0.43725030590158226 0.43725030590158226 25 
446 14 13.031390134529149 1.3894212067536382 4 1.3894212067536382 4 5.3408071748878925 5.3408071748878925 9 9 0.4508409344522633 0.4508409344522633 25 
446 14 12.582959641255606 1.3566792017076963 4 1.3566792017076963 4 5.304932735426009 5.304932735426009 9 9 0.4460033827826662 0.4460033827826662 24 
446 14 12.79372197309417 1.344312451320775 4 1.344312451320775 4 5.273542600896861 5.273542600896861 10 10 0.446016356263648 0.446016356263648 23 
446 14 12.829596412556054 1.3712656587875613 4 1.3712656587875613 4 5.233183856502242 5.233183856502242 9 9 0.44435739479842756 0.44435739479842756 23 
446 14 13.215246636771301 1.3752688630602683 4 1.3752688630602683 4 5.3408071748878925 5.3408071748878925 9 9 0.4456855383860832 0.4456855383860832 26 
446 14 12.5695067264574 1.388279075078899 4 1.388279075078899 4 5.286995515695067 5.286995515695067 10 10 0.45302501940829926 0.45302501940829926 25 
446 14 13.15695067264574 1.3948277834707956 4 1.3948277834707956 4 5.336322869955157 5.336322869955157 10 10 0.4392653397067347 0.4392653397067347 25 
446 14 13.358744394618833 1.395171752681777 5 1.395171752681777 5 5.336322869955157 5.336322869955157 10 10 0.44255683084340786 0.44255683084340786 26 
446 14 12.708520179372197 1.3816633924462218 4 1.3816633924462218 4 5.2152466367713 5.2152466367713 11 11 0.4389504266554624 0.4389504266554624 25 
446 14 12.524663677130045 1.3585823519854991 4 1.3585823519854991 4 5.322869955156951 5.322869955156951 10 10 0.45035578869824455 0.45035578869824455 21 
446 14 12.762331838565023 1.3818657000107897 4 1.3818657000107897 4 5.278026905829597 5.278026905829597 10 10 0.45279927983066687 0.45279927983066687 24 
446 14 12.708520179372197 1.3624334557957656 4 1.3624334557957656 4 5.36322869955157 5.36322869955157 9 9 0.4616235598045956 0.4616235598045956 24 
446 14 12.955156950672645 1.3734592717686607 4 1.3734592717686607 4 5.349775784753363 5.349775784753363 10 10 0.4407450131125176 0.4407450131125176 27 
446 14 12.730941704035875 1.3922850696165445 4 1.3922850696165445 4 5.331838565022421 5.331838565022421 9 9 0.4544428164249887 0.4544428164249887 26 
446 14 12.84304932735426 1.407497808694934 4 1.407497808694934 4 5.367713004484305 5.367713004484305 10 10 0.44949398113210287 0.44949398113210287 23 
446 14 13.094170403587444 1.3431447469025728 4 1.3431447469025728 4 5.3408071748878925 5.3408071748878925 9 9 0.4387386795063759 0.4387386795063759 25 
446 14 12.573991031390134 1.3719309854857011 4 1.3719309854857011 4 5.278026905829597 5.278026905829597 9 9 0.4485791925645074 0.4485791925645074 23 
446 14 13.183856502242152 1.4023797462779397 5 1.4023797462779397 5 5.210762331838565 5.210762331838565 9 9 0.4328314447092765 0.4328314447092765 25 
446 14 13.547085201793722 1.4246546881799784 4 1.4246546881799784 4 5.291479820627803 5.291479820627803 10 10 0.4344114950847965 0.4344114950847965 24 
446 14 12.484304932735427 1.3325929063218573 4 1.3325929063218573 4 5.2242152466367715 5.2242152466367715 10 10 0.4447940671997135 0.4447940671997135 22 
446 14 12.41255605381166 1.3481479305869355 4 1.3481479305869355 4 5.318385650224215 5.318385650224215 9 9 0.4521296798844736 0.4521296798844736 24 
446 14 12.959641255605382 1.3959903181155064 4 1.3959903181155064 4 5.26457399103139 5.2690582959641254 9 10 0.4350638645036697 0.43534844539363177 25 
446 14 13.331838565022421 1.3575254900005407 4 1.3575254900005407 4 5.349775784753363 5.349775784753363 9 9 0.4400608041149763 0.4400608041149763 26 
446 14 12.41255605381166 1.3903117479503737 4 1.3903117479503737 4 5.304932735426009 5.304932735426009 9 9 0.4619988249790142 0.4619988249790142 21 
446 14 13.291479820627803 1.3628736155920402 4 1.3628736155920402 4 5.2242152466367715 5.2242152466367715 10 10 0.4283068164653683 0.4283068164653683 25 
446 14 12.623318385650224 1.38502118337855 4 1.38502118337855 4 5.322869955156951 5.322869955156951 10 10 0.45111512525251646 0.45111512525251646 23 
446 14 12.811659192825113 1.4076519725276497 4 1.4076519725276497 4 5.278026905829597 5.278026905829597 10 10 0.4459963902717233 0.4459963902717233 25 
446 14 13.067264573991032 1.3784815912011625 4 1.3784815912011625 4 5.354260089686099 5.354260089686099 11 11 0.44286880899365333 0.44286880899365333 27 
446 14 12.928251121076233 1.3534808627165076 4 1.3534808627165076 4 5.322869955156951 5.322869955156951 9 9 0.44013780694640153 0.44013780694640153 22 
446 14 12.991031390134529 1.4158561164931878 4 1.4158561164931878 4 5.322869955156951 5.322869955156951 9 9 0.4469618881796521 0.4469618881796521 28 
446 14 12.282511210762332 1.343329311169559 4 1.343329311169559 4 5.36322869955157 5.36322869955157 11 11 0.46628770905238326 0.46628770905238326 24 
446 14 12.816143497757848 1.375423467241696 4 1.375423467241696 4 5.336322869955157 5.336322869955157 10 10 0.45122475370912263 0.45122475370912263 25 
446 14 12.699551569506726 1.3572769560006062 4 1.3572769560006062 4 5.219730941704036 5.219730941704036 12 12 0.43981444160339883 0.43981444160339883 24 
446 14 12.497757847533633 1.3883376350941257 4 1.3883376350941257 4 5.322869955156951 5.322869955156951 9 9 0.44956304858243157 0.44956304858243157 24 
446 14 12.811659192825113 1.3790201096430916 4 1.3790201096430916 4 5.2690582959641254 5.2690582959641254 11 11 0.43739073742006573 0.43739073742006573 23 
446 14 12.991031390134529 1.3654507781386072 4 1.3654507781386072 4 5.2690582959641254 5.2690582959641254 9 9 0.4304953274719099 0.4304953274719099 25 
446 14 12.986547085201794 1.3896415587675817 4 1.3896415587675817 4 5.390134529147982 5.390134529147982 9 9 0.44336062715247804 0.44336062715247804 23 
446 14 12.650224215246636 1.3727889376473408 4 1.3727889376473408 4 5.273542600896861 5.273542600896861 9 9 0.4456051034460428 0.4456051034460428 22 
446 14 12.358744394618833 1.3918624548593788 4 1.3918624548593788 4 5.286995515695067 5.286995515695067 10 10 0.45888416142096455 0.45888416142096455 23 
446 14 12.865470852017937 1.4284094062306878 4 1.4284094062306878 4 5.336322869955157 5.336322869955157 9 9 0.4473203315650347 0.4473203315650347 23 
446 14 12.497757847533633 1.3727112139225643 5 1.3727112139225643 5 5.2959641255605385 5.2959641255605385 11 11 0.4566654738011713 0.4566654738011713 23 
446 14 12.650224215246636 1.3812609147612769 4 1.3812609147612769 4 5.273542600896861 5.278026905829597 9 9 0.4431961824029006 0.4434526377503609 23 
446 14 12.802690582959642 1.385232636710012 4 1.385232636710012 4 5.358744394618834 5.358744394618834 9 9 0.4541650102431089 0.4541650102431089 25 
446 14 12.502242152466367 1.3684688719731792 4 1.3684688719731792 4 5.242152466367713 5.242152466367713 10 10 0.4434043296584741 0.4434043296584741 23 
446 14 12.632286995515695 1.3582848683293902 4 1.3582848683293902 4 5.246636771300448 5.246636771300448 10 10 0.44090716102640126 0.44090716102640126 22 
446 14 12.860986547085203 1.3698037488932717 4 1.3698037488932717 4 5.304932735426009 5.313901345291479 9 11 0.4459287039906676 0.44652922454634514 26 
446 14 12.67713004484305 1.376658027008227 4 1.376658027008227 4 5.286995515695067 5.286995515695067 9 9 0.4471173338591583 0.4471173338591583 24 
446 14 12.860986547085203 1.378165790977305 4 1.378165790977305 4 5.278026905829597 5.278026905829597 10 10 0.44182681984441247 0.44182681984441247 27 
446 14 13.053811659192824 1.3712020728649557 4 1.3712020728649557 4 5.291479820627803 5.291479820627803 9 9 0.4450544943556684 0.4450544943556684 25 
