446 14 13.04932735426009 1.389936818992827 4 1.389936818992827 4 5.242152466367713 5.242152466367713 9 9 0.43435987841834794 0.43435987841834794 24 
446 14 12.394618834080717 1.376502983439251 4 1.376502983439251 4 5.37219730941704 5.37219730941704 10 10 0.4567699677100926 0.4567699677100926 21 
446 14 12.816143497757848 1.3773801389758489 4 1.3773801389758489 4 5.385650224215246 5.390134529147982 10 11 0.45634149160113907 0.45662176065943505 24 
446 14 12.246636771300448 1.3943433148035072 4 1.3943433148035072 4 5.174887892376682 5.174887892376682 10 10 0.4487902380718992 0.4487902380718992 21 
446 14 13.004484304932735 1.364277997251295 4 1.364277997251295 4 5.255605381165919 5.255605381165919 10 10 0.4364451320120376 0.4364451320120376 25 
446 14 12.573991031390134 1.3801922934882382 4 1.3801922934882382 4 5.291479820627803 5.291479820627803 10 10 0.4534140894499527 0.4534140894499527 24 
446 14 12.5695067264574 1.3512049728356048 4 1.3512049728356048 4 5.251121076233184 5.251121076233184 9 9 0.45217047463089005 0.45217047463089005 26 
446 14 12.816143497757848 1.3515899860974174 4 1.3515899860974174 4 5.278026905829597 5.278026905829597 10 10 0.4489807904606754 0.4489807904606754 24 
446 14 13.013452914798206 1.364269149737616 5 1.364269149737616 5 5.20627802690583 5.20627802690583 10 10 0.43623532876942367 0.43623532876942367 24 
446 14 12.645739910313901 1.3907749338306503 4 1.3907749338306503 4 5.309417040358745 5.309417040358745 10 10 0.4609957013454289 0.4609957013454289 24 
446 14 12.632286995515695 1.379724094842724 4 1.379724094842724 4 5.228699551569507 5.228699551569507 10 10 0.44591409311270436 0.44591409311270436 21 
446 14 12.704035874439462 1.3811197089223717 4 1.3811197089223717 4 5.242152466367713 5.242152466367713 9 9 0.44552236965846004 0.44552236965846004 27 
446 14 12.829596412556054 1.3804409618789977 4 1.3804409618789977 4 5.260089686098655 5.260089686098655 11 11 0.44219730970950427 0.44219730970950427 26 
446 14 12.923766816143498 1.3731458114048483 4 1.3731458114048483 4 5.385650224215246 5.385650224215246 10 10 0.4575833989184557 0.4575833989184557 24 
446 14 12.650224215246636 1.3656894214565638 4 1.3656894214565638 4 5.304932735426009 5.304932735426009 10 10 0.45284816899629227 0.45284816899629227 25 
446 14 12.538116591928251 1.3471625244180379 4 1.3471625244180379 4 5.26457399103139 5.26457399103139 10 10 0.4487448778409975 0.4487448778409975 23 
446 14 12.79372197309417 1.3517330203372462 4 1.3517330203372462 4 5.300448430493273 5.300448430493273 10 10 0.4469117950174494 0.4469117950174494 23 
446 14 12.825112107623319 1.3967208130218731 4 1.3967208130218731 4 5.237668161434978 5.237668161434978 10 10 0.44142258596922695 0.44142258596922695 22 
446 14 13.09865470852018 1.3583053461052104 4 1.3583053461052104 4 5.20627802690583 5.20627802690583 9 9 0.4360096396473621 0.4360096396473621 28 
446 14 12.623318385650224 1.3776827666852545 4 1.3776827666852545 4 5.36322869955157 5.36322869955157 10 10 0.46263609588891735 0.46263609588891735 29 
446 14 12.345291479820627 1.3445260600269984 4 1.3445260600269984 4 5.354260089686099 5.354260089686099 10 10 0.45916678814166345 0.45916678814166345 21 
446 14 12.973094170403588 1.3917650560303905 4 1.3917650560303905 4 5.322869955156951 5.327354260089686 10 10 0.447292316859527 0.4475570154145843 25 
446 14 13.022421524663677 1.4183214467056875 4 1.4183214467056875 4 5.358744394618834 5.358744394618834 9 9 0.43692202820557385 0.43692202820557385 22 
446 14 13.004484304932735 1.3717836973341713 4 1.3717836973341713 4 5.260089686098655 5.260089686098655 10 10 0.4444224674415511 0.4444224674415511 23 
446 14 12.89237668161435 1.3701378603557481 4 1.3701378603557481 4 5.219730941704036 5.2242152466367715 10 11 0.4410019655316915 0.44123798158078287 24 
446 14 13.089686098654708 1.3560739921199874 4 1.3560739921199874 4 5.37219730941704 5.37219730941704 9 9 0.4361395374267232 0.4361395374267232 23 
446 14 12.748878923766815 1.3622545545481994 4 1.3622545545481994 4 5.2152466367713 5.2152466367713 10 10 0.4363857321124481 0.4363857321124481 25 
446 14 13.112107623318385 1.3463072972357348 4 1.3463072972357348 4 5.309417040358745 5.309417040358745 11 11 0.43354024014114084 0.43354024014114084 22 
446 14 12.600896860986547 1.3801656851359483 4 1.3801656851359483 4 5.345291479820628 5.345291479820628 9 9 0.4495733833135265 0.4495733833135265 22 
446 14 13.340807174887892 1.3517417861280487 4 1.3517417861280487 4 5.3408071748878925 5.3408071748878925 9 9 0.43335811843886013 0.43335811843886013 28 
446 14 12.547085201793722 1.4091983135631532 4 1.4091983135631532 4 5.318385650224215 5.318385650224215 10 10 0.4546481088460821 0.4546481088460821 23 
446 14 12.282511210762332 1.3631301454139304 4 1.3631301454139304 4 5.228699551569507 5.228699551569507 9 9 0.4491819526520833 0.4491819526520833 21 
446 14 13.345291479820627 1.3460626992056348 4 1.3460626992056348 4 5.304932735426009 5.304932735426009 9 9 0.43041483198612346 0.43041483198612346 26 
446 14 12.717488789237668 1.355400035589504 4 1.355400035589504 4 5.260089686098655 5.260089686098655 10 10 0.44587922957112835 0.44587922957112835 24 
446 14 12.829596412556054 1.3609015375741471 4 1.3609015375741471 4 5.2690582959641254 5.273542600896861 10 10 0.44196703021102024 0.4421712842659275 23 
446 14 13.771300448430493 1.3648277512836788 4 1.3648277512836788 4 5.2825112107623315 5.2825112107623315 9 9 0.4288515297364439 0.4288515297364439 30 
446 14 12.946188340807176 1.385509445485361 4 1.385509445485361 4 5.20627802690583 5.20627802690583 10 10 0.4354094928208309 0.4354094928208309 24 
446 14 13.42152466367713 1.4021097321992013 4 1.4021097321992013 4 5.228699551569507 5.228699551569507 10 10 0.435789852138457 0.435789852138457 34 
446 14 12.838565022421525 1.3502874893239163 4 1.3502874893239163 4 5.2959641255605385 5.300448430493273 9 9 0.44234451127063307 0.4425805273197244 24 
446 14 13.20627802690583 1.384583567045687 4 1.384583567045687 4 5.309417040358745 5.309417040358745 10 10 0.43298467611342534 0.43298467611342534 25 
446 14 12.977578475336323 1.3672605667271385 4 1.3672605667271385 4 5.2690582959641254 5.2690582959641254 9 9 0.44346426192866983 0.44346426192866983 26 
446 14 12.632286995515695 1.356395333758294 4 1.356395333758294 4 5.37219730941704 5.37219730941704 9 9 0.4475121948810503 0.4475121948810503 22 
446 14 12.79372197309417 1.3490380257314407 4 1.3490380257314407 4 5.260089686098655 5.260089686098655 10 10 0.446009073235434 0.446009073235434 22 
446 14 12.605381165919283 1.3693578307280156 4 1.3693578307280156 4 5.242152466367713 5.242152466367713 10 10 0.44805088702147544 0.44805088702147544 24 
446 14 12.139013452914797 1.3636406020880245 4 1.3636406020880245 4 5.291479820627803 5.291479820627803 9 9 0.4653103167262399 0.4653103167262399 22 
446 14 13.165919282511211 1.3747383043036812 4 1.3747383043036812 4 5.336322869955157 5.336322869955157 9 9 0.43553281194626764 0.43553281194626764 24 
446 14 12.538116591928251 1.3561631705996833 4 1.3561631705996833 4 5.37219730941704 5.37219730941704 9 9 0.4517230823971858 0.4517230823971858 22 
446 14 12.291479820627803 1.3638883147524223 4 1.3638883147524223 4 5.381165919282512 5.381165919282512 10 10 0.46639013550578673 0.46639013550578673 22 
446 14 12.659192825112108 1.4134751127127492 4 1.4134751127127492 4 5.358744394618834 5.358744394618834 9 9 0.45478061280143894 0.45478061280143894 23 
446 14 12.878923766816143 1.3628518809959096 4 1.3628518809959096 4 5.309417040358745 5.309417040358745 10 10 0.44093805476435205 0.44093805476435205 25 
446 14 12.632286995515695 1.3677882750073629 4 1.3677882750073629 4 5.3408071748878925 5.3408071748878925 9 9 0.45229552048808364 0.45229552048808364 26 
446 14 13.15695067264574 1.3863167608583833 4 1.3863167608583833 4 5.300448430493273 5.300448430493273 9 9 0.4349875359220712 0.4349875359220712 30 
446 14 13.080717488789238 1.3887914860779542 4 1.3887914860779542 4 5.354260089686099 5.354260089686099 10 10 0.43497167213730753 0.43497167213730753 24 
446 14 12.84304932735426 1.397379133983671 4 1.397379133983671 4 5.2959641255605385 5.2959641255605385 10 10 0.44657664917152395 0.44657664917152395 22 
446 14 12.766816143497758 1.3717696212327701 4 1.3717696212327701 4 5.2690582959641254 5.2690582959641254 10 10 0.445165319176702 0.445165319176702 25 
446 14 12.130044843049328 1.3785090395780681 4 1.3785090395780681 4 5.349775784753363 5.349775784753363 9 9 0.4657874126680099 0.4657874126680099 20 
446 14 13.143497757847534 1.3673488013848287 4 1.3673488013848287 4 5.260089686098655 5.260089686098655 9 9 0.43571419050141924 0.43571419050141924 24 
446 14 13.291479820627803 1.3942085622888742 4 1.3942085622888742 4 5.237668161434978 5.237668161434978 9 9 0.4333042438909365 0.4333042438909365 27 
446 14 13.031390134529149 1.4059943356635065 4 1.4059943356635065 4 5.309417040358745 5.309417040358745 9 9 0.44874155001046134 0.44874155001046134 26 
446 14 13.053811659192824 1.4054288266298214 4 1.4054288266298214 4 5.381165919282512 5.381165919282512 9 9 0.4422099939697887 0.4422099939697887 24 
446 14 12.937219730941704 1.3648503079814174 4 1.3648503079814174 4 5.417040358744394 5.417040358744394 11 11 0.44576655282933325 0.44576655282933325 26 
446 14 12.784753363228699 1.343404064931037 4 1.343404064931037 4 5.228699551569507 5.228699551569507 9 9 0.4397922755516652 0.4397922755516652 24 
446 14 12.623318385650224 1.3768228280920325 5 1.3768228280920325 5 5.228699551569507 5.228699551569507 9 9 0.44880189123840086 0.44880189123840086 25 
446 14 12.327354260089686 1.3353009972316494 4 1.3353009972316494 4 5.255605381165919 5.255605381165919 9 9 0.45945700070557455 0.45945700070557455 24 
446 14 12.681614349775785 1.3924061896694668 4 1.3924061896694668 4 5.2690582959641254 5.2690582959641254 10 10 0.44686280904765857 0.44686280904765857 22 
446 14 12.789237668161435 1.373587935277457 4 1.373587935277457 4 5.336322869955157 5.336322869955157 11 11 0.447311455403162 0.447311455403162 24 
446 14 12.910313901345292 1.3761929697497248 4 1.3761929697497248 4 5.381165919282512 5.381165919282512 9 9 0.449451319391386 0.449451319391386 23 
446 14 12.663677130044842 1.3654942947290725 4 1.3654942947290725 4 5.2959641255605385 5.300448430493273 10 10 0.4503248971057002 0.4506575241199416 26 
446 14 13.511210762331839 1.3930525048115774 4 1.3930525048115774 4 5.3408071748878925 5.3408071748878925 10 10 0.4382783722458271 0.4382783722458271 28 
446 14 13.31390134529148 1.3813433280737195 4 1.3813433280737195 4 5.331838565022421 5.331838565022421 9 9 0.4323368948596545 0.4323368948596545 26 
446 14 12.883408071748878 1.3696788814403071 4 1.3696788814403071 4 5.278026905829597 5.278026905829597 10 10 0.43950422336006156 0.43950422336006156 23 
446 14 12.717488789237668 1.3558679563115226 4 1.3558679563115226 4 5.345291479820628 5.345291479820628 11 11 0.4489931295585631 0.4489931295585631 23 
446 14 12.955156950672645 1.339017892804207 4 1.339017892804207 4 5.3991031390134525 5.3991031390134525 10 10 0.4556883916013739 0.4556883916013739 25 
446 14 12.72645739910314 1.373340748653074 4 1.373340748653074 4 5.255605381165919 5.255605381165919 11 11 0.44581425206984876 0.44581425206984876 26 
446 14 12.582959641255606 1.3751297754652596 4 1.3751297754652596 4 5.273542600896861 5.278026905829597 9 9 0.4543700675541223 0.4546970481221343 23 
446 14 13.094170403587444 1.3787634734468905 4 1.3787634734468905 4 5.36322869955157 5.36322869955157 9 9 0.4361597047056674 0.4361597047056674 25 
446 14 12.609865470852018 1.3603834869475033 4 1.3603834869475033 4 5.309417040358745 5.309417040358745 9 9 0.4550309026854066 0.4550309026854066 21 
446 14 13.452914798206278 1.395663823920411 4 1.395663823920411 4 5.381165919282512 5.381165919282512 9 9 0.44379041845419 0.44379041845419 24 
446 14 13.340807174887892 1.3615678894426204 4 1.3615678894426204 4 5.327354260089686 5.327354260089686 9 9 0.4385951126146469 0.4385951126146469 28 
446 14 12.834080717488789 1.4061118384193352 4 1.4061118384193352 4 5.278026905829597 5.278026905829597 10 10 0.44265602531398607 0.44265602531398607 25 
446 14 12.61883408071749 1.385208774197481 4 1.385208774197481 4 5.367713004484305 5.367713004484305 9 9 0.45317922105621117 0.45317922105621117 24 
446 14 12.98206278026906 1.3788094175067909 4 1.3788094175067909 4 5.358744394618834 5.358744394618834 10 10 0.4449220931906932 0.4449220931906932 25 
446 14 13.179372197309418 1.3783122573114828 4 1.3783122573114828 4 5.26457399103139 5.2690582959641254 10 11 0.4386527444036219 0.43890919975108217 25 
446 14 13.318385650224215 1.3790991822857257 4 1.3790991822857257 4 5.2690582959641254 5.2690582959641254 10 10 0.432577543202163 0.432577543202163 26 
446 14 12.260089686098654 1.342370811047908 4 1.342370811047908 4 5.354260089686099 5.358744394618834 10 10 0.4578699897669515 0.45820261678119284 20 
446 14 12.443946188340806 1.3782232238786443 4 1.3782232238786443 4 5.076233183856503 5.076233183856503 9 9 0.4363120891611608 0.4363120891611608 24 
446 14 12.874439461883409 1.352222858824587 5 1.352222858824587 5 5.36322869955157 5.36322869955157 9 9 0.44214851880115214 0.44214851880115214 22 
446 14 12.600896860986547 1.3539837750203252 4 1.3539837750203252 4 5.260089686098655 5.260089686098655 9 9 0.4529865749547279 0.4529865749547279 25 
446 14 12.753363228699552 1.3541250954309672 4 1.3541250954309672 4 5.3408071748878925 5.3408071748878925 9 9 0.4564718954610047 0.4564718954610047 25 
446 14 12.919282511210762 1.3569339444094073 4 1.3569339444094073 4 5.327354260089686 5.327354260089686 11 11 0.4404599741246309 0.4404599741246309 25 
446 14 12.4304932735426 1.3521231081851393 4 1.3521231081851393 4 5.300448430493273 5.300448430493273 10 10 0.44909762839129863 0.44909762839129863 20 
446 14 12.820627802690582 1.3405702342565615 4 1.3405702342565615 4 5.313901345291479 5.313901345291479 10 10 0.4400100745749724 0.4400100745749724 24 
446 14 12.596412556053812 1.3847098720110018 4 1.3847098720110018 4 5.394618834080718 5.394618834080718 10 10 0.4518708761305272 0.4518708761305272 23 
446 14 12.09865470852018 1.3894823917622228 4 1.3894823917622228 4 5.251121076233184 5.251121076233184 9 9 0.4596264856361228 0.4596264856361228 23 
446 14 12.771300448430493 1.3981489908557672 4 1.3981489908557672 4 5.394618834080718 5.394618834080718 11 11 0.45369544015827173 0.45369544015827173 25 
446 14 12.654708520179373 1.3408775902537895 4 1.3408775902537895 4 5.291479820627803 5.291479820627803 9 9 0.4428171222000796 0.4428171222000796 22 
446 14 12.318385650224215 1.3434831814894175 4 1.3434831814894175 4 5.260089686098655 5.260089686098655 10 10 0.4564730087494588 0.4564730087494588 27 
446 14 12.502242152466367 1.3793079636044632 4 1.3793079636044632 4 5.2690582959641254 5.2690582959641254 10 10 0.45006418586157315 0.45006418586157315 25 
446 14 12.488789237668161 1.4033971522392166 4 1.4033971522392166 4 5.349775784753363 5.349775784753363 9 9 0.45606937235751654 0.45606937235751654 22 
446 14 12.84304932735426 1.3591037127122478 4 1.3591037127122478 4 5.354260089686099 5.354260089686099 10 10 0.4529109281728324 0.4529109281728324 24 
446 14 12.511210762331839 1.3953602111485301 4 1.3953602111485301 4 5.331838565022421 5.331838565022421 10 10 0.4594408880417211 0.4594408880417211 24 
446 14 12.560538116591928 1.3675913759562202 5 1.3675913759562202 5 5.242152466367713 5.242152466367713 10 10 0.45160248075785736 0.45160248075785736 23 
446 14 13.058295964125561 1.383513945898715 4 1.383513945898715 4 5.358744394618834 5.358744394618834 10 10 0.43677685949967826 0.43677685949967826 23 
446 14 12.497757847533633 1.3688198061895436 4 1.3688198061895436 4 5.358744394618834 5.358744394618834 9 9 0.45630309307413325 0.45630309307413325 21 
446 14 12.869955156950672 1.3626097337257228 4 1.3626097337257228 4 5.309417040358745 5.313901345291479 11 11 0.4401723760994108 0.4404083921485021 25 
446 14 12.79372197309417 1.3728623075116524 4 1.3728623075116524 4 5.376681614349776 5.376681614349776 9 9 0.4480052920768939 0.4480052920768939 23 
446 14 12.748878923766815 1.3394215630141664 4 1.3394215630141664 4 5.318385650224215 5.318385650224215 9 9 0.4452931203641105 0.4452931203641105 26 
446 14 13.161434977578475 1.3806907796781889 4 1.3806907796781889 4 5.322869955156951 5.322869955156951 10 10 0.44246237374823905 0.44246237374823905 28 
446 14 12.695067264573991 1.3670526972983446 4 1.3670526972983446 4 5.36322869955157 5.36322869955157 10 10 0.4518128463299628 0.4518128463299628 23 
446 14 13.542600896860986 1.3390313360932284 4 1.3390313360932284 4 5.367713004484305 5.367713004484305 9 9 0.432673740736092 0.432673740736092 26 
446 14 12.22421524663677 1.3553886911290538 4 1.3553886911290538 4 5.251121076233184 5.251121076233184 10 10 0.45330336425303447 0.45330336425303447 22 
446 14 12.713004484304932 1.380432996720141 4 1.380432996720141 4 5.2152466367713 5.2152466367713 9 9 0.44308739396015234 0.44308739396015234 24 
446 14 12.0 1.3746261936276092 4 1.3746261936276092 4 5.2690582959641254 5.2690582959641254 9 9 0.46141536649682685 0.46141536649682685 19 
446 14 12.739910313901346 1.338794721317639 4 1.338794721317639 4 5.367713004484305 5.367713004484305 9 9 0.45033976151018335 0.45033976151018335 23 
446 14 12.188340807174887 1.3709163159171256 4 1.3709163159171256 4 5.286995515695067 5.286995515695067 10 10 0.4614627179763537 0.4614627179763537 23 
446 14 12.502242152466367 1.3559362465297673 5 1.3559362465297673 5 5.327354260089686 5.327354260089686 9 9 0.45607695134474274 0.45607695134474274 22 
446 14 12.63677130044843 1.3559679390216595 4 1.3559679390216595 4 5.318385650224215 5.318385650224215 9 9 0.4500950027703484 0.4500950027703484 25 
446 14 12.771300448430493 1.3813951061014882 4 1.3813951061014882 4 5.318385650224215 5.318385650224215 9 9 0.448376216761607 0.448376216761607 22 
446 14 13.210762331838565 1.390552592943555 4 1.390552592943555 4 5.349775784753363 5.349775784753363 10 10 0.4327557751615025 0.4327557751615025 24 
446 14 13.080717488789238 1.3494551054554669 4 1.3494551054554669 4 5.309417040358745 5.309417040358745 11 11 0.43039849424767557 0.43039849424767557 23 
446 14 12.874439461883409 1.3743544753368189 4 1.3743544753368189 4 5.251121076233184 5.255605381165919 10 11 0.43999546827433883 0.4402423719685519 26 
446 14 13.116591928251122 1.3840343411820664 4 1.3840343411820664 4 5.273542600896861 5.273542600896861 10 10 0.43325768869650905 0.43325768869650905 26 
446 14 12.327354260089686 1.3903580530779485 4 1.3903580530779485 4 5.309417040358745 5.309417040358745 9 9 0.4617910999285811 0.4617910999285811 23 
446 14 12.762331838565023 1.3532793783169028 4 1.3532793783169028 4 5.26457399103139 5.26457399103139 9 9 0.44176925264319405 0.44176925264319405 23 
446 14 12.825112107623319 1.3716332298528933 4 1.3716332298528933 4 5.300448430493273 5.304932735426009 9 10 0.44398563392584245 0.4443140299941488 23 
