17 383 20 380 7 7 1 60 0 
17 417 15 283 7 7 1 55 1 
17 344 20 493 4 4 1 33 2 
17 330 13 232 6 6 1 49 3 
17 437 20 410 7 7 1 56 4 
17 455 16 279 8 8 1 64 5 
17 496 20 415 7 7 1 57 6 
17 133 21 475 7 7 1 55 7 
17 104 16 323 6 6 1 49 8 
17 94 15 280 6 6 1 48 9 
17 432 18 383 6 6 1 48 10 
17 482 17 350 6 6 1 47 11 
17 69 20 462 5 5 1 44 12 
17 27 18 361 7 7 1 57 13 
17 460 8 102 6 6 1 43 14 
17 178 15 268 7 7 1 60 15 
17 429 17 294 7 7 1 60 16 
17 31 15 271 7 7 1 59 17 
17 305 19 380 6 6 1 48 18 
17 69 19 328 6 6 1 47 19 
17 409 16 305 4 4 1 35 20 
17 520 21 416 4 4 1 37 21 
17 118 16 299 8 8 1 71 22 
17 141 24 507 6 6 1 47 23 
17 388 16 304 5 5 1 44 24 
17 110 20 417 5 5 1 41 25 
17 410 11 217 4 4 1 35 26 
17 173 12 197 7 7 1 54 27 
17 207 11 162 6 6 1 47 28 
17 6 25 626 6 6 1 48 29 
17 255 22 581 7 7 1 56 30 
17 356 21 484 5 5 1 42 31 
17 282 18 317 7 7 1 54 32 
17 387 21 472 5 5 1 45 33 
17 59 14 322 8 8 1 63 34 
17 195 22 529 9 9 1 71 35 
17 273 17 278 5 5 1 43 36 
17 335 14 266 6 6 1 46 37 
17 375 14 274 7 7 1 55 38 
17 187 15 277 6 6 1 47 39 
17 276 18 320 6 6 1 49 40 
17 38 21 419 6 6 1 49 41 
17 415 22 526 6 6 1 50 42 
17 524 20 459 8 8 1 66 43 
17 108 26 594 7 7 1 57 44 
17 397 17 350 6 6 1 47 45 
17 173 18 341 6 6 1 48 46 
17 340 16 303 5 5 1 36 47 
17 215 17 292 5 5 1 41 48 
17 425 17 296 5 5 1 42 49 
17 140 17 365 6 6 1 47 50 
17 88 17 329 6 6 1 49 51 
17 288 26 601 4 4 1 40 52 
17 33 15 307 6 6 1 47 53 
17 286 24 541 8 8 1 64 54 
17 91 14 269 6 6 1 50 55 
17 271 15 223 6 6 1 50 56 
17 180 15 274 7 7 1 58 57 
17 163 16 270 6 6 1 49 58 
17 237 21 489 5 5 1 41 59 
17 47 22 468 6 6 1 47 60 
17 152 18 339 8 8 1 61 61 
17 82 24 533 8 8 1 67 62 
17 266 12 179 8 8 1 60 63 
17 180 15 261 6 6 1 48 64 
17 389 14 228 5 5 1 40 65 
17 535 15 300 6 6 1 48 66 
17 390 10 161 5 5 1 38 67 
17 489 15 257 7 7 1 56 68 
17 245 20 387 9 9 1 71 69 
17 477 15 280 4 4 1 36 70 
17 50 21 390 6 6 1 49 71 
17 292 21 502 6 6 1 46 72 
17 516 15 262 8 8 1 59 73 
17 419 13 234 5 5 1 40 74 
17 21 18 348 6 6 1 49 75 
17 437 19 456 7 7 1 54 76 
17 228 17 358 8 8 1 62 77 
17 112 15 286 6 6 1 51 78 
17 114 16 298 8 8 1 67 79 
17 334 13 225 6 6 1 51 80 
17 367 20 405 5 5 1 41 81 
17 498 11 173 5 5 1 35 82 
17 124 17 351 5 5 1 44 83 
17 103 16 284 10 10 1 86 84 
17 370 20 392 6 6 1 52 85 
17 112 22 452 6 6 1 48 86 
17 479 9 136 6 6 1 45 87 
17 198 18 368 4 4 1 36 88 
17 459 11 177 7 7 1 61 89 
17 441 17 338 5 5 1 44 90 
17 480 17 340 7 7 1 61 91 
17 538 17 376 7 7 1 59 92 
17 237 15 308 4 4 1 33 93 
17 459 15 276 6 6 1 58 94 
17 345 16 286 9 9 1 73 95 
17 303 25 606 8 8 1 65 96 
17 345 25 556 6 6 1 49 97 
17 240 19 365 7 7 1 55 98 
17 456 21 455 4 4 1 38 99 
17 389 15 256 6 6 1 50 100 
17 34 15 290 7 7 1 57 101 
17 119 18 322 5 5 1 43 102 
17 8 19 351 8 8 1 64 103 
17 386 22 457 8 8 1 70 104 
17 351 12 195 4 4 1 34 105 
17 108 24 530 6 6 1 52 106 
17 427 15 260 8 8 1 61 107 
17 164 22 490 9 9 1 70 108 
17 382 18 355 5 5 1 40 109 
17 119 17 298 5 5 1 45 110 
17 434 9 152 6 6 1 46 111 
17 157 17 311 6 6 1 55 112 
17 357 18 315 7 7 1 60 113 
17 346 19 445 4 4 1 35 114 
17 512 13 235 6 6 1 47 115 
17 165 13 229 4 4 1 32 116 
17 475 14 259 7 7 1 54 117 
17 258 17 373 7 7 1 54 118 
17 233 19 385 3 3 1 31 119 
17 79 25 533 6 6 1 53 120 
17 39 11 154 5 5 1 43 121 
17 407 16 352 6 6 1 52 122 
17 79 19 327 7 7 1 57 123 
17 208 21 465 6 6 1 53 124 
17 116 19 391 6 6 1 46 125 
17 130 14 226 5 5 1 43 126 
17 87 21 485 5 5 1 43 127 
17 529 15 243 6 6 1 48 128 
17 367 21 511 6 6 1 47 129 
17 254 16 353 6 6 1 49 130 
17 320 16 258 5 5 1 43 131 
17 152 19 390 7 7 1 57 132 
17 261 20 369 6 6 1 50 133 
17 262 18 379 5 5 1 47 134 
17 199 17 331 6 6 1 48 135 
17 298 25 510 7 7 1 58 136 
17 195 26 692 7 7 1 61 137 
17 516 16 248 6 6 1 46 138 
17 398 18 327 7 7 1 55 139 
17 367 15 273 6 6 1 48 140 
17 220 15 254 3 3 1 25 141 
17 156 19 393 8 8 1 65 142 
17 463 15 233 6 6 1 51 143 
17 191 16 262 4 4 1 36 144 
17 134 18 405 6 6 1 48 145 
17 420 20 387 9 9 1 75 146 
17 240 11 175 5 5 1 38 147 
17 516 17 342 7 7 1 59 148 
17 359 8 98 5 5 1 36 149 
17 280 10 141 5 5 1 39 150 
17 271 14 252 6 6 1 47 151 
17 43 15 280 5 5 1 40 152 
17 391 15 273 6 6 1 48 153 
17 489 14 252 7 7 1 57 154 
17 182 23 580 6 6 1 46 155 
17 346 21 461 9 9 1 73 156 
17 437 19 488 7 7 1 58 157 
17 307 21 427 6 6 1 49 158 
17 332 20 386 7 7 1 56 159 
17 378 20 393 6 6 1 54 160 
17 127 21 469 8 8 1 64 161 
17 179 17 285 4 4 1 36 162 
17 106 20 479 6 6 1 46 163 
17 208 11 155 4 4 1 36 164 
17 528 13 217 6 6 1 48 165 
17 409 11 180 5 5 1 46 166 
17 39 16 301 5 5 1 49 167 
17 531 9 130 5 5 1 43 168 
17 207 18 333 7 7 1 58 169 
17 51 22 518 7 7 1 61 170 
17 392 16 300 5 5 1 43 171 
17 5 19 329 8 8 1 64 172 
17 300 11 158 7 7 1 60 173 
17 362 11 207 8 8 1 61 174 
17 315 22 558 7 7 1 55 175 
17 95 16 328 4 4 1 34 176 
17 254 18 351 4 4 1 38 177 
17 313 22 499 4 4 1 33 178 
17 524 22 486 6 6 1 48 179 
17 199 21 436 5 5 1 43 180 
17 529 17 323 7 7 1 58 181 
17 447 16 330 6 6 1 52 182 
17 522 19 367 6 6 1 47 183 
17 6 17 328 6 6 1 52 184 
17 430 16 339 4 4 1 35 185 
17 488 16 270 7 7 1 57 186 
17 136 21 426 7 7 1 53 187 
17 474 19 350 7 7 1 57 188 
17 391 15 229 4 4 1 34 189 
17 202 19 409 7 7 1 62 190 
17 471 13 213 6 6 1 46 191 
17 518 16 265 6 6 1 52 192 
17 86 15 262 6 6 1 51 193 
17 145 14 255 6 6 1 52 194 
17 239 8 102 5 5 1 41 195 
17 252 22 491 7 7 1 56 196 
17 226 13 220 4 4 1 33 197 
17 274 14 235 4 4 1 33 198 
17 331 11 174 4 4 1 33 199 
17 484 16 290 7 7 1 58 200 
17 208 16 294 7 7 1 56 201 
17 192 17 308 7 7 1 61 202 
17 228 22 439 5 5 1 43 203 
17 490 14 273 5 5 1 39 204 
17 224 8 110 3 3 1 27 205 
17 186 11 195 4 4 1 31 206 
17 406 20 456 6 6 1 49 207 
17 330 22 412 10 10 1 73 208 
17 220 26 722 6 6 1 48 209 
17 203 18 342 4 4 1 33 210 
17 127 18 376 4 4 1 33 211 
17 85 12 161 6 6 1 48 212 
17 408 17 316 6 6 1 50 213 
17 402 9 141 5 5 1 37 214 
17 275 15 270 5 5 1 43 215 
17 84 15 283 9 9 1 69 216 
17 203 21 385 6 6 1 52 217 
17 280 25 650 5 5 1 42 218 
17 265 16 289 6 6 1 50 219 
17 104 18 308 8 8 1 66 220 
17 145 14 249 5 5 1 44 221 
17 139 18 412 5 5 1 43 222 
17 247 19 398 6 6 1 50 223 
17 52 12 183 4 4 1 33 224 
17 42 11 143 7 7 1 54 225 
17 160 22 495 5 5 1 40 226 
17 147 15 267 7 7 1 56 227 
17 384 18 322 7 7 1 57 228 
17 537 21 486 4 4 1 35 229 
17 475 16 305 6 6 1 51 230 
17 513 24 620 6 6 1 49 231 
17 508 15 235 5 5 1 43 232 
17 45 16 365 4 4 1 34 233 
17 221 19 382 4 4 1 35 234 
17 532 16 342 6 6 1 52 235 
17 155 11 188 7 7 1 55 236 
17 47 12 221 5 5 1 36 237 
17 524 18 386 3 3 1 27 238 
17 148 18 367 7 7 1 55 239 
17 8 16 290 5 5 1 44 240 
17 482 20 457 6 6 1 48 241 
17 245 16 287 4 4 1 36 242 
17 501 15 260 8 8 1 60 243 
17 181 14 237 5 5 1 42 244 
17 406 13 229 5 5 1 40 245 
17 512 19 413 7 7 1 55 246 
17 21 15 265 5 5 1 44 247 
17 77 16 304 6 6 1 50 248 
17 538 10 162 6 6 1 53 249 
17 94 17 326 4 4 1 35 250 
17 1 19 407 5 5 1 42 251 
17 24 18 357 7 7 1 56 252 
17 331 19 415 6 6 1 48 253 
17 397 14 258 6 6 1 44 254 
17 379 11 173 5 5 1 40 255 
17 498 13 190 6 6 1 51 256 
17 60 13 251 6 6 1 47 257 
17 226 16 287 5 5 1 43 258 
17 32 12 212 3 3 1 23 259 
17 513 16 326 5 5 1 41 260 
17 530 23 538 5 5 1 40 261 
17 69 17 350 7 7 1 58 262 
17 257 13 209 6 6 1 47 263 
17 183 11 193 8 8 1 61 264 
17 460 16 334 5 5 1 45 265 
17 211 24 551 6 6 1 51 266 
17 200 14 227 6 6 1 43 267 
17 497 11 140 5 5 1 38 268 
17 251 16 336 8 8 1 67 269 
17 534 19 403 7 7 1 57 270 
17 307 17 295 7 7 1 56 271 
17 48 14 272 4 4 1 31 272 
17 515 12 204 6 6 1 49 273 
17 456 21 525 4 4 1 36 274 
17 398 11 179 7 7 1 55 275 
17 306 16 303 7 7 1 57 276 
17 107 12 189 5 5 1 37 277 
17 489 23 547 7 7 1 57 278 
17 292 13 213 6 6 1 53 279 
17 20 18 286 5 5 1 40 280 
17 429 18 345 8 8 1 63 281 
17 66 24 595 4 4 1 36 282 
17 381 22 571 4 4 1 35 283 
17 145 18 392 6 6 1 51 284 
17 177 16 326 5 5 1 46 285 
17 94 20 429 6 6 1 48 286 
17 451 22 472 7 7 1 58 287 
17 212 24 633 5 5 1 45 288 
17 398 17 356 8 8 1 61 289 
17 20 26 601 5 5 1 44 290 
17 357 10 152 5 5 1 36 291 
17 400 7 78 5 5 1 41 292 
17 295 19 351 7 7 1 59 293 
17 191 16 279 6 6 1 48 294 
17 115 26 679 5 5 1 46 295 
17 537 16 316 8 8 1 68 296 
17 168 19 324 7 7 1 52 297 
17 366 13 221 7 7 1 59 298 
17 350 23 525 5 5 1 44 299 
17 403 16 275 4 4 1 36 300 
17 113 22 510 6 6 1 51 301 
17 389 24 535 8 8 1 66 302 
17 253 15 287 5 5 1 43 303 
17 83 18 337 8 8 1 68 304 
17 303 23 549 6 6 1 47 305 
17 284 13 226 4 4 1 34 306 
17 120 17 316 5 5 1 43 307 
17 237 16 279 6 6 1 51 308 
17 198 11 159 5 5 1 39 309 
17 178 20 453 7 7 1 55 310 
17 493 13 252 5 5 1 40 311 
17 205 20 462 4 4 1 37 312 
17 341 16 303 6 6 1 50 313 
17 427 17 330 5 5 1 44 314 
17 210 19 389 7 7 1 61 315 
17 143 14 240 5 5 1 42 316 
17 259 10 164 5 5 1 42 317 
17 54 18 360 5 5 1 41 318 
17 381 19 382 5 5 1 43 319 
17 447 18 366 5 5 1 42 320 
17 515 14 223 8 8 1 63 321 
17 87 12 178 5 5 1 41 322 
17 356 21 456 7 7 1 54 323 
17 136 27 686 7 7 1 55 324 
17 210 17 322 5 5 1 45 325 
17 339 15 316 5 5 1 42 326 
17 516 18 322 5 5 1 41 327 
17 170 16 280 7 7 1 59 328 
17 120 18 406 6 6 1 43 329 
17 487 20 470 9 9 1 68 330 
17 524 14 253 7 7 1 52 331 
17 292 10 150 5 5 1 39 332 
17 93 22 444 6 6 1 49 333 
17 106 18 358 5 5 1 39 334 
17 335 15 291 5 5 1 45 335 
17 256 23 571 6 6 1 48 336 
17 417 12 233 5 5 1 40 337 
17 123 10 118 7 7 1 53 338 
17 335 19 392 7 7 1 58 339 
17 533 18 355 7 7 1 55 340 
17 377 23 536 6 6 1 45 341 
17 375 25 554 6 6 1 57 342 
17 87 14 232 6 6 1 49 343 
17 476 12 205 7 7 1 53 344 
17 258 11 184 5 5 1 40 345 
17 170 11 183 6 6 1 47 346 
17 159 14 258 4 4 1 32 347 
17 467 19 359 5 5 1 43 348 
17 437 12 222 5 5 1 41 349 
17 504 13 237 5 5 1 40 350 
17 353 14 271 6 6 1 46 351 
17 286 20 378 6 6 1 47 352 
17 178 17 334 6 6 1 49 353 
17 35 13 206 5 5 1 38 354 
17 463 12 209 5 5 1 41 355 
17 19 13 219 6 6 1 47 356 
17 80 22 494 5 5 1 44 357 
17 50 15 236 6 6 1 49 358 
17 185 16 294 5 5 1 41 359 
17 496 23 597 7 7 1 56 360 
17 359 17 407 5 5 1 41 361 
17 412 17 359 5 5 1 43 362 
17 207 11 178 6 6 1 46 363 
17 46 15 269 6 6 1 46 364 
17 451 16 342 8 8 1 64 365 
17 350 17 330 5 5 1 45 366 
17 145 14 230 7 7 1 55 367 
17 282 19 374 9 9 1 68 368 
17 217 21 469 5 5 1 39 369 
17 144 19 362 4 4 1 34 370 
17 447 16 297 6 6 1 52 371 
17 163 21 448 5 5 1 41 372 
17 365 21 436 9 9 1 73 373 
17 407 18 348 5 5 1 40 374 
17 270 21 506 6 6 1 49 375 
17 139 23 515 5 5 1 44 376 
17 164 13 197 4 4 1 34 377 
17 340 12 215 7 7 1 52 378 
17 104 13 199 7 7 1 56 379 
17 274 17 322 4 4 1 39 380 
17 225 16 333 6 6 1 54 381 
17 149 18 384 7 7 1 59 382 
17 265 21 416 6 6 1 50 383 
17 460 21 458 5 5 1 43 384 
17 10 14 227 7 7 1 56 385 
17 5 20 432 6 6 1 49 386 
17 433 21 427 6 6 1 54 387 
17 402 23 519 5 5 1 40 388 
17 329 16 363 6 6 1 50 389 
17 146 15 292 5 5 1 43 390 
17 255 14 224 5 5 1 39 391 
17 145 11 182 6 6 1 48 392 
17 254 18 366 7 7 1 61 393 
17 400 15 331 5 5 1 43 394 
17 102 19 391 5 5 1 41 395 
17 168 17 322 5 5 1 42 396 
17 299 20 353 6 6 1 51 397 
17 173 21 463 6 6 1 51 398 
17 539 16 314 4 4 1 32 399 
17 335 21 451 4 4 1 36 400 
17 346 17 289 4 4 1 35 401 
17 112 13 218 6 6 1 54 402 
17 47 11 165 10 10 2 76 403 
17 515 18 396 5 5 1 44 404 
17 207 14 242 5 5 1 45 405 
17 160 14 248 6 6 1 51 406 
17 537 18 380 4 4 1 33 407 
17 508 21 484 6 6 1 50 408 
17 442 18 373 5 5 1 43 409 
17 349 22 493 5 5 1 44 410 
17 21 19 383 3 3 1 29 411 
17 152 14 255 4 4 1 37 412 
17 1 13 199 5 5 1 41 413 
17 495 17 268 6 6 1 49 414 
17 503 23 552 5 5 1 43 415 
17 43 20 419 5 5 1 39 416 
17 215 17 309 9 9 1 72 417 
17 79 15 283 5 5 1 40 418 
17 479 13 251 8 8 1 63 419 
17 326 13 217 6 6 1 53 420 
17 163 23 548 7 7 1 61 421 
17 249 30 774 6 6 1 52 422 
17 332 12 210 6 6 1 46 423 
17 41 19 409 5 5 1 44 424 
17 378 27 671 6 6 1 50 425 
17 449 16 339 5 5 1 43 426 
17 309 18 384 8 8 1 63 427 
17 366 16 298 5 5 1 42 428 
17 152 25 653 7 7 1 56 429 
17 518 18 401 5 5 1 43 430 
17 143 18 343 6 6 1 52 431 
17 468 26 711 7 7 1 58 432 
17 139 16 250 5 5 1 43 433 
17 389 18 389 4 4 1 35 434 
17 273 21 471 7 7 1 58 435 
17 397 9 132 5 5 1 40 436 
17 370 20 419 5 5 1 43 437 
17 89 13 220 6 6 1 53 438 
17 341 13 230 7 7 1 55 439 
17 415 11 173 7 7 1 60 440 
17 36 13 214 5 5 1 41 441 
17 35 19 419 4 4 1 33 442 
17 495 24 591 4 4 1 38 443 
17 323 21 494 6 6 1 49 444 
17 505 14 271 6 6 1 48 445 
17 130 22 422 5 5 1 41 446 
17 464 12 227 5 5 1 47 447 
17 473 15 225 5 5 1 45 448 
17 396 16 316 4 4 1 32 449 
17 9 18 338 6 6 1 53 450 
17 508 15 285 5 5 1 45 451 
17 402 18 290 5 5 1 43 452 
17 520 14 247 6 6 1 49 453 
17 517 25 644 4 4 1 37 454 
17 382 18 360 6 6 1 52 455 
17 521 19 394 6 6 1 52 456 
17 162 20 426 6 6 1 48 457 
17 224 15 255 5 5 1 44 458 
17 302 17 298 6 6 1 51 459 
17 168 12 200 3 3 1 24 460 
17 18 17 315 5 5 1 42 461 
17 436 17 322 7 7 1 55 462 
17 338 20 390 7 7 1 55 463 
17 334 25 597 6 6 1 50 464 
17 385 11 176 4 4 1 29 465 
17 308 17 329 7 7 1 58 466 
17 382 11 210 4 4 1 36 467 
17 428 22 499 4 4 1 35 468 
17 182 18 286 5 5 1 41 469 
17 380 11 170 5 5 1 39 470 
17 411 15 314 6 6 1 51 471 
17 243 12 193 6 6 1 46 472 
17 529 18 367 6 6 1 50 473 
17 536 10 126 5 5 1 40 474 
17 380 21 412 4 4 1 34 475 
17 100 13 207 6 6 1 46 476 
17 517 15 314 6 6 1 52 477 
17 277 19 431 7 7 1 53 478 
17 75 9 105 5 5 1 40 479 
17 374 9 134 6 6 1 48 480 
17 297 18 357 5 5 1 40 481 
17 12 16 348 7 7 1 55 482 
17 283 26 652 6 6 1 51 483 
17 407 25 668 5 5 1 43 484 
17 459 9 150 5 5 1 39 485 
17 405 14 234 7 7 1 57 486 
17 404 22 427 7 7 1 58 487 
17 221 19 374 5 5 1 41 488 
17 175 21 459 7 7 1 60 489 
17 367 12 205 6 6 1 51 490 
17 431 21 454 9 9 1 71 491 
17 470 16 288 5 5 1 46 492 
17 463 17 307 8 8 1 61 493 
17 117 14 228 5 5 1 39 494 
17 210 15 274 6 6 1 52 495 
17 172 13 214 5 5 1 39 496 
17 432 17 321 4 4 1 36 497 
17 28 10 152 8 8 1 68 498 
17 224 22 432 6 6 1 49 499 
17 211 11 159 5 5 1 40 500 
17 377 12 199 5 5 1 46 501 
17 491 17 327 5 5 1 42 502 
17 497 18 342 6 6 1 51 503 
17 107 23 559 5 5 1 43 504 
17 402 19 350 5 5 1 43 505 
17 334 14 229 7 7 1 56 506 
17 359 20 394 9 9 1 71 507 
17 194 20 434 5 5 1 40 508 
17 63 15 260 5 5 1 40 509 
17 277 16 293 9 9 1 73 510 
17 214 19 393 5 5 1 44 511 
17 108 20 438 6 6 1 51 512 
17 415 15 312 8 8 1 66 513 
17 509 17 297 4 4 1 36 514 
17 200 19 412 5 5 1 42 515 
17 26 18 355 7 7 1 62 516 
17 21 24 565 7 7 1 57 517 
17 171 10 130 4 4 1 34 518 
17 432 10 143 4 4 1 34 519 
17 219 16 304 7 7 1 58 520 
17 359 16 295 5 5 1 41 521 
17 431 19 388 6 6 1 49 522 
17 256 17 311 5 5 1 42 523 
17 342 15 294 5 5 1 49 524 
17 429 20 459 4 4 1 40 525 
17 448 19 457 5 5 1 41 526 
17 145 18 347 7 7 1 58 527 
17 405 21 475 5 5 1 43 528 
17 275 14 219 7 7 1 57 529 
17 47 19 393 6 6 1 51 530 
17 77 19 427 5 5 1 41 531 
17 258 15 234 7 7 1 55 532 
17 26 19 415 7 7 1 52 533 
17 23 14 253 5 5 1 43 534 
17 153 12 210 6 6 1 46 535 
17 525 14 228 10 10 1 78 536 
17 241 17 364 6 6 1 50 537 
17 168 20 452 4 4 1 35 538 
17 327 15 261 5 5 1 39 539 
17 303 16 311 8 8 1 68 540 
17 246 24 591 6 6 1 54 541 
17 84 11 158 6 6 1 49 542 
17 260 13 224 6 6 1 48 543 
17 192 19 397 5 5 1 45 544 
17 218 14 242 6 6 1 44 545 
17 246 32 901 8 8 1 61 546 
17 103 18 350 6 6 1 48 547 
17 179 25 573 7 7 1 55 548 
17 186 14 261 6 6 1 48 549 
17 426 18 316 5 5 1 41 550 
17 537 13 254 6 6 1 48 551 
17 194 28 669 8 8 1 65 552 
17 465 20 369 6 6 1 50 553 
17 339 18 366 4 4 1 35 554 
17 328 21 463 4 4 1 32 555 
17 392 20 443 5 5 1 39 556 
17 252 17 302 5 5 1 44 557 
17 529 16 304 5 5 1 41 558 
17 520 18 370 6 6 1 49 559 
17 87 20 366 8 8 1 67 560 
17 348 24 620 6 6 1 50 561 
17 52 15 209 7 7 1 50 562 
17 371 19 441 7 7 1 56 563 
17 50 23 489 6 6 1 52 564 
17 209 14 206 8 8 1 61 565 
17 161 17 338 6 6 1 47 566 
17 62 18 327 7 7 1 57 567 
17 102 14 260 5 5 1 48 568 
17 36 11 157 6 6 1 46 569 
17 142 17 347 6 6 1 52 570 
17 506 21 462 4 4 1 36 571 
17 191 15 288 6 6 1 45 572 
17 520 20 430 8 8 1 66 573 
17 209 12 160 5 5 1 41 574 
17 310 16 335 6 6 1 48 575 
17 403 21 465 5 5 1 41 576 
17 430 12 216 4 4 1 32 577 
17 250 15 228 6 6 1 47 578 
17 166 18 391 4 4 1 36 579 
17 195 11 198 5 5 1 40 580 
17 429 19 378 8 8 1 73 581 
17 455 10 168 5 5 1 43 582 
17 175 17 296 6 6 1 47 583 
17 326 19 425 6 6 1 49 584 
17 352 19 390 4 4 1 33 585 
17 384 17 341 5 5 1 39 586 
17 351 18 334 5 5 1 40 587 
17 260 16 245 8 8 1 63 588 
17 365 22 442 5 5 1 39 589 
17 495 7 92 5 5 1 44 590 
17 92 8 106 4 4 1 33 591 
17 442 16 294 5 5 1 41 592 
17 336 17 301 5 5 1 41 593 
17 365 16 283 7 7 1 55 594 
17 229 18 341 8 8 1 61 595 
17 439 16 326 6 6 1 43 596 
17 496 22 503 4 4 1 38 597 
17 165 14 258 6 6 1 47 598 
17 533 12 191 4 4 1 34 599 
17 516 21 494 5 5 1 40 600 
17 428 14 197 5 5 1 42 601 
17 508 13 219 5 5 1 40 602 
17 318 20 418 5 5 1 42 603 
17 530 20 430 8 8 1 66 604 
17 266 16 304 6 6 1 52 605 
17 462 22 437 6 6 1 54 606 
17 461 15 296 6 6 1 52 607 
17 426 21 448 7 7 1 55 608 
17 534 18 349 5 5 1 44 609 
17 95 24 579 4 4 1 35 610 
17 264 22 503 9 9 1 71 611 
17 361 15 293 5 5 1 42 612 
17 330 14 254 5 5 1 36 613 
17 258 25 611 4 4 1 35 614 
17 177 14 278 7 7 1 58 615 
17 110 13 221 8 8 1 62 616 
17 338 14 247 6 6 1 45 617 
17 457 22 525 5 5 1 45 618 
17 259 18 383 6 6 1 51 619 
17 147 19 342 7 7 1 57 620 
17 391 16 314 5 5 1 43 621 
17 340 18 412 5 5 1 41 622 
17 221 19 384 4 4 1 41 623 
17 89 19 328 6 6 1 50 624 
17 235 19 398 6 6 1 51 625 
17 497 23 491 5 5 1 44 626 
17 221 16 319 5 5 1 43 627 
17 493 11 182 6 6 1 49 628 
17 232 8 118 4 4 1 32 629 
17 299 9 138 7 7 1 59 630 
17 132 16 316 5 5 1 40 631 
17 297 13 208 5 5 1 40 632 
17 99 21 552 6 6 1 44 633 
17 42 17 288 6 6 1 49 634 
17 77 24 603 6 6 1 51 635 
17 435 13 210 6 6 1 54 636 
17 67 19 411 4 4 1 34 637 
17 113 10 186 5 5 1 42 638 
17 388 21 397 6 6 1 47 639 
17 160 21 451 6 6 1 52 640 
17 515 15 258 7 7 1 54 641 
17 503 16 314 7 7 1 51 642 
17 321 11 192 6 6 1 51 643 
17 1 18 352 7 7 1 58 644 
17 184 10 120 6 6 1 52 645 
17 439 23 472 5 5 1 43 646 
17 43 19 365 4 4 1 39 647 
17 253 18 397 4 4 1 37 648 
17 387 14 264 8 8 1 64 649 
17 212 17 353 5 5 1 42 650 
17 430 19 409 6 6 1 50 651 
17 528 23 536 7 7 1 58 652 
17 372 17 351 5 5 1 44 653 
17 101 11 179 6 6 1 49 654 
17 113 9 142 5 5 1 41 655 
17 470 24 605 6 6 1 47 656 
17 449 17 316 5 5 1 37 657 
17 115 12 204 5 5 1 44 658 
17 403 19 354 7 7 1 59 659 
17 59 23 564 6 6 1 50 660 
17 478 12 156 6 6 1 46 661 
17 536 19 343 4 4 1 34 662 
17 535 9 126 6 6 1 48 663 
17 19 18 384 6 6 1 52 664 
17 111 16 277 7 7 1 55 665 
17 513 20 364 10 10 1 76 666 
17 527 13 208 7 7 1 53 667 
17 408 19 418 6 6 1 56 668 
17 349 21 463 5 5 1 44 669 
17 228 19 381 7 7 1 56 670 
17 139 15 261 8 8 1 64 671 
17 140 15 269 5 5 1 41 672 
17 498 23 553 6 6 1 47 673 
17 447 13 230 4 4 1 35 674 
17 40 16 341 6 6 1 48 675 
17 496 18 419 7 7 1 58 676 
17 260 14 251 4 4 1 33 677 
17 329 13 241 4 4 1 32 678 
17 112 16 246 6 6 1 48 679 
17 203 11 171 5 5 1 40 680 
17 488 17 315 7 7 1 57 681 
17 92 14 210 5 5 1 41 682 
17 234 15 296 4 4 1 34 683 
17 466 17 357 5 5 1 46 684 
17 348 10 166 6 6 1 49 685 
17 376 20 343 6 6 1 53 686 
17 179 17 316 4 4 1 37 687 
17 122 10 165 7 7 1 52 688 
17 512 14 249 5 5 1 37 689 
17 339 11 162 6 6 1 50 690 
17 251 18 364 7 7 1 59 691 
17 122 14 274 5 5 1 39 692 
17 492 21 418 5 5 1 43 693 
17 203 14 264 6 6 1 49 694 
17 103 9 120 6 6 1 49 695 
17 314 21 421 7 7 1 57 696 
17 158 21 500 6 6 1 48 697 
17 125 20 431 6 6 1 48 698 
17 285 16 255 6 6 1 49 699 
17 14 18 297 4 4 1 28 700 
17 516 11 186 5 5 1 37 701 
17 24 20 389 7 7 1 58 702 
17 77 20 467 6 6 1 50 703 
17 328 14 243 7 7 1 58 704 
17 194 16 331 4 4 1 34 705 
17 260 12 209 7 7 1 59 706 
17 429 14 235 4 4 1 34 707 
17 404 19 414 6 6 1 46 708 
17 199 22 500 4 4 1 33 709 
17 119 15 266 5 5 1 40 710 
17 441 15 256 6 6 1 50 711 
17 375 16 275 6 6 1 47 712 
17 500 21 468 6 6 1 46 713 
17 401 12 183 8 8 1 61 714 
17 31 10 130 4 4 1 30 715 
17 430 18 381 6 6 1 52 716 
17 348 12 196 7 7 1 58 717 
17 457 19 372 8 8 1 69 718 
17 400 15 269 7 7 1 54 719 
17 86 22 474 7 7 1 59 720 
17 12 22 517 5 5 1 45 721 
17 127 18 346 6 6 1 53 722 
17 180 20 429 5 5 1 39 723 
17 480 13 254 6 6 1 52 724 
17 517 11 184 5 5 1 45 725 
17 515 14 282 5 5 1 41 726 
17 58 18 369 5 5 1 43 727 
17 255 25 616 4 4 1 36 728 
17 217 22 484 8 8 1 67 729 
17 467 12 189 4 4 1 33 730 
17 527 11 154 7 7 1 56 731 
17 461 21 505 8 8 1 61 732 
17 205 19 294 8 8 1 67 733 
17 214 10 153 4 4 1 33 734 
17 488 21 458 5 5 1 42 735 
17 532 11 164 7 7 1 58 736 
17 163 18 367 5 5 1 39 737 
17 426 16 299 7 7 1 57 738 
17 57 20 378 5 5 1 43 739 
17 6 15 279 6 6 1 53 740 
17 450 18 380 7 7 1 57 741 
17 84 19 428 6 6 1 49 742 
17 197 22 476 6 6 1 50 743 
17 106 19 402 7 7 1 58 744 
17 435 17 301 6 6 1 51 745 
17 61 17 276 7 7 1 54 746 
17 241 19 394 6 6 1 47 747 
17 441 15 322 9 9 1 68 748 
17 450 19 421 4 4 1 33 749 
17 425 19 371 4 4 1 36 750 
17 300 21 417 7 7 1 59 751 
17 111 19 379 5 5 1 37 752 
17 3 17 330 6 6 1 48 753 
17 319 14 233 6 6 1 47 754 
17 83 18 361 6 6 1 48 755 
17 237 15 327 6 6 1 45 756 
17 438 13 181 7 7 1 61 757 
17 390 15 246 6 6 1 48 758 
17 6 12 199 7 7 1 55 759 
17 482 26 553 6 6 1 52 760 
17 211 15 294 5 5 1 41 761 
17 182 10 156 4 4 1 31 762 
17 290 15 306 6 6 1 49 763 
17 218 19 345 5 5 1 44 764 
17 344 17 328 5 5 1 41 765 
17 99 20 342 6 6 1 52 766 
17 3 13 244 4 4 1 31 767 
17 217 15 260 5 5 1 44 768 
17 127 15 261 5 5 1 38 769 
17 34 15 244 5 5 1 43 770 
17 529 28 723 6 6 1 50 771 
17 103 20 420 7 7 1 54 772 
17 375 8 118 7 7 1 54 773 
17 30 14 268 4 4 1 39 774 
17 464 20 457 6 6 1 47 775 
17 512 13 234 7 7 1 56 776 
17 367 14 231 6 6 1 50 777 
17 399 18 371 6 6 1 51 778 
17 243 12 194 4 4 1 32 779 
17 50 20 444 5 5 1 43 780 
17 165 16 299 8 8 1 71 781 
17 415 15 266 6 6 1 48 782 
17 233 14 278 6 6 1 51 783 
17 295 19 332 8 8 1 62 784 
17 106 14 233 6 6 1 49 785 
17 114 18 337 6 6 1 51 786 
17 35 18 335 7 7 1 63 787 
17 141 18 335 7 7 1 59 788 
17 267 19 396 5 5 1 43 789 
17 26 13 210 4 4 1 34 790 
17 356 17 285 10 10 1 76 791 
17 402 14 260 7 7 1 57 792 
17 1 15 300 4 4 1 36 793 
17 336 13 222 5 5 1 42 794 
17 12 22 475 4 4 1 36 795 
17 432 19 423 8 8 1 59 796 
17 513 17 337 7 7 1 60 797 
17 285 17 314 7 7 1 57 798 
17 165 22 458 7 7 1 58 799 
17 441 17 308 8 8 1 58 800 
17 113 21 476 6 6 1 51 801 
17 92 17 317 6 6 1 50 802 
17 368 17 298 9 9 1 75 803 
17 172 16 291 8 8 1 63 804 
17 499 23 521 9 9 1 73 805 
17 18 19 351 7 7 1 55 806 
17 175 20 325 7 7 1 50 807 
17 508 21 468 5 5 1 42 808 
17 255 12 175 6 6 1 47 809 
17 191 13 268 7 7 1 58 810 
17 153 18 334 7 7 1 56 811 
17 132 18 286 5 5 1 41 812 
17 307 26 594 7 7 1 59 813 
17 515 12 201 3 3 1 28 814 
17 84 15 280 5 5 1 36 815 
17 166 26 714 5 5 1 47 816 
17 294 19 431 4 4 1 33 817 
17 433 18 326 7 7 1 59 818 
17 267 15 274 6 6 1 49 819 
17 488 18 297 8 8 1 62 820 
17 434 12 167 5 5 1 38 821 
17 371 12 209 6 6 1 46 822 
17 225 21 415 10 10 1 80 823 
17 464 15 263 6 6 1 48 824 
17 150 21 438 8 8 1 64 825 
17 190 11 188 6 6 1 50 826 
17 109 16 331 5 5 1 40 827 
17 417 22 446 9 9 1 73 828 
17 323 12 187 5 5 1 40 829 
17 219 17 321 5 5 1 43 830 
17 489 15 268 5 5 1 40 831 
17 526 20 420 5 5 1 40 832 
17 538 11 156 6 6 1 51 833 
17 280 19 367 5 5 1 45 834 
17 474 22 459 7 7 1 53 835 
17 303 18 375 5 5 1 44 836 
17 7 22 501 8 8 1 62 837 
17 424 20 465 8 8 1 60 838 
17 216 20 441 8 8 1 63 839 
17 474 23 545 8 8 1 62 840 
17 16 17 363 7 7 1 54 841 
17 210 19 384 7 7 1 59 842 
17 339 9 147 4 4 1 36 843 
17 70 13 209 5 5 1 39 844 
17 89 12 187 6 6 1 48 845 
17 255 12 238 5 5 1 45 846 
17 383 24 594 6 6 1 48 847 
17 146 11 223 6 6 1 47 848 
17 416 12 184 5 5 1 43 849 
17 137 20 429 7 7 1 56 850 
17 131 17 311 8 8 1 64 851 
17 384 10 164 4 4 1 33 852 
17 53 17 387 5 5 1 43 853 
17 503 13 236 5 5 1 40 854 
17 58 15 286 6 6 1 47 855 
17 63 17 298 7 7 1 58 856 
17 445 18 369 8 8 1 68 857 
17 414 14 229 6 6 1 51 858 
17 62 19 429 6 6 1 50 859 
17 180 23 520 6 6 1 46 860 
17 298 13 210 7 7 1 49 861 
17 373 14 274 5 5 1 44 862 
17 539 15 277 4 4 1 35 863 
17 147 18 382 4 4 1 35 864 
17 309 7 103 3 3 1 26 865 
17 23 12 186 6 6 1 46 866 
17 5 21 488 5 5 1 42 867 
17 449 16 305 7 7 1 63 868 
17 249 26 634 4 4 1 37 869 
17 341 17 303 6 6 1 49 870 
17 141 16 249 7 7 1 53 871 
17 212 15 260 4 4 1 34 872 
17 502 15 254 7 7 1 58 873 
17 440 20 447 7 7 1 58 874 
17 20 21 426 6 6 1 53 875 
17 185 16 266 5 5 1 42 876 
17 122 19 363 4 4 1 32 877 
17 483 10 190 5 5 1 43 878 
17 462 9 118 5 5 1 34 879 
17 515 21 492 5 5 1 38 880 
17 91 19 390 4 4 1 36 881 
17 90 21 436 4 4 1 35 882 
17 253 14 229 6 6 1 46 883 
17 314 16 322 4 4 1 36 884 
17 132 20 415 6 6 1 51 885 
17 41 15 291 7 7 1 53 886 
17 378 19 362 4 4 1 37 887 
17 96 28 693 8 8 1 63 888 
17 233 21 461 7 7 1 56 889 
17 504 21 465 5 5 1 42 890 
17 210 19 387 4 4 1 36 891 
17 8 22 501 4 4 1 33 892 
17 267 12 206 5 5 1 42 893 
17 206 15 281 3 3 1 24 894 
17 284 18 414 5 5 1 44 895 
17 79 12 217 6 6 1 49 896 
17 358 22 473 5 5 1 45 897 
17 56 12 228 6 6 1 55 898 
17 43 20 385 5 5 1 39 899 
17 227 16 246 9 9 1 71 900 
17 534 14 225 5 5 1 41 901 
17 7 19 421 5 5 1 40 902 
17 379 20 314 8 8 1 63 903 
17 109 8 118 6 6 1 47 904 
17 102 21 487 7 7 1 56 905 
17 481 12 189 5 5 1 43 906 
17 157 19 399 5 5 1 40 907 
17 266 21 456 4 4 1 38 908 
17 461 24 586 7 7 1 60 909 
17 119 17 362 5 5 1 42 910 
17 505 18 353 6 6 1 49 911 
17 476 18 327 6 6 1 52 912 
17 392 11 186 6 6 1 50 913 
17 376 9 116 5 5 1 37 914 
17 457 17 272 5 5 1 42 915 
17 236 13 197 6 6 1 51 916 
17 50 22 557 5 5 1 44 917 
17 304 24 528 7 7 1 58 918 
17 518 23 622 7 7 1 56 919 
17 143 19 352 7 7 1 59 920 
17 462 12 183 5 5 1 44 921 
17 57 21 460 5 5 1 47 922 
17 415 17 323 6 6 1 49 923 
17 141 15 292 5 5 1 43 924 
17 478 19 418 6 6 1 51 925 
17 342 23 454 6 6 1 48 926 
17 213 9 125 5 5 1 41 927 
17 413 15 243 7 7 1 61 928 
17 475 17 307 7 7 1 59 929 
17 173 17 351 6 6 1 50 930 
17 16 22 511 6 6 1 49 931 
17 497 16 242 6 6 1 45 932 
17 445 13 234 6 6 1 48 933 
17 478 16 302 9 9 1 73 934 
17 287 19 388 8 8 1 63 935 
17 181 24 498 8 8 1 66 936 
17 26 18 373 7 7 1 60 937 
17 155 16 324 4 4 1 32 938 
17 425 20 404 9 9 1 72 939 
17 298 19 424 5 5 1 39 940 
17 366 16 329 6 6 1 48 941 
17 510 11 145 5 5 1 45 942 
17 388 12 198 6 6 1 51 943 
17 122 15 297 7 7 1 60 944 
17 54 21 475 6 6 1 48 945 
17 173 17 356 6 6 1 48 946 
17 426 15 273 6 6 1 45 947 
17 274 13 229 7 7 1 59 948 
17 21 16 301 6 6 1 49 949 
17 317 15 282 6 6 1 55 950 
17 112 13 206 4 4 1 34 951 
17 375 24 480 6 6 1 51 952 
17 195 19 433 5 5 1 43 953 
17 528 16 281 6 6 1 48 954 
17 484 10 102 4 4 1 31 955 
17 61 21 380 6 6 1 55 956 
17 89 19 404 6 6 1 47 957 
17 209 15 258 6 6 1 50 958 
17 138 15 269 7 7 1 55 959 
17 183 15 289 5 5 1 43 960 
17 516 15 258 6 6 1 50 961 
17 160 12 196 7 7 1 57 962 
17 36 18 386 6 6 1 49 963 
17 350 16 248 4 4 1 37 964 
17 348 23 501 5 5 1 41 965 
17 170 16 283 4 4 1 34 966 
17 236 19 399 5 5 1 44 967 
17 314 18 395 7 7 1 53 968 
17 85 12 208 6 6 1 49 969 
17 177 15 284 7 7 1 51 970 
17 346 17 366 6 6 1 48 971 
17 333 15 284 7 7 1 51 972 
17 78 13 210 4 4 1 32 973 
17 351 20 416 4 4 1 37 974 
17 308 24 566 4 4 1 35 975 
17 62 14 249 3 3 1 26 976 
17 193 13 219 7 7 1 56 977 
17 335 13 218 5 5 1 44 978 
17 528 18 384 5 5 1 43 979 
17 248 15 336 5 5 1 43 980 
17 139 14 223 7 7 1 52 981 
17 102 23 489 6 6 1 49 982 
17 310 10 130 6 6 1 46 983 
17 539 15 267 6 6 1 49 984 
17 481 22 538 8 8 1 66 985 
17 535 17 328 9 9 1 71 986 
17 295 17 290 6 6 1 47 987 
17 345 27 643 5 5 1 46 988 
17 97 12 188 5 5 1 38 989 
17 447 21 411 8 8 1 66 990 
17 303 20 389 6 6 1 49 991 
17 294 17 353 7 7 1 62 992 
17 453 13 248 5 5 1 40 993 
17 537 14 307 7 7 1 58 994 
17 481 21 434 7 7 1 55 995 
17 15 14 234 4 4 1 36 996 
17 330 13 247 5 5 1 41 997 
17 120 17 320 6 6 1 50 998 
17 189 11 165 5 5 1 38 999 
