573 18 16.58289703315881 1.3827424212253154 5 1.3827424212253154 5 5.525305410122164 5.525305410122164 10 10 0.36262605891825217 0.36262605891825217 34 
573 18 16.338568935427574 1.4346742450633065 4 1.4346742450633065 4 5.518324607329843 5.518324607329843 11 11 0.3571298997788004 0.3571298997788004 27 
573 18 16.230366492146597 1.39863354366312 4 1.39863354366312 4 5.5811518324607325 5.5811518324607325 9 9 0.36939004314610563 0.36939004314610563 30 
573 18 16.6282722513089 1.3866792294064256 4 1.3866792294064256 4 5.535776614310646 5.535776614310646 10 10 0.35295088597776497 0.35295088597776497 32 
573 18 16.080279232111693 1.3864719946499346 4 1.3864719946499346 4 5.528795811518324 5.528795811518324 11 11 0.36631995841062837 0.36631995841062837 28 
573 18 16.45026178010471 1.3985575984104142 5 1.3985575984104142 5 5.612565445026178 5.612565445026178 10 10 0.36670692614778777 0.36670692614778777 34 
573 18 16.865619546247817 1.356438092385368 5 1.356438092385368 5 5.560209424083769 5.560209424083769 11 11 0.35848103832830114 0.35848103832830114 29 
573 18 16.600349040139616 1.3868918150854856 5 1.3868918150854856 5 5.539267015706806 5.539267015706806 10 10 0.35938696456099056 0.35938696456099056 34 
573 18 16.164048865619545 1.4339243665791026 4 1.4339243665791026 4 5.56369982547993 5.56719022687609 10 10 0.3636863556081574 0.36385602789824856 29 
573 18 16.56893542757417 1.3741018604910953 4 1.3741018604910953 4 5.5846422338568935 5.5881326352530545 10 11 0.3586270201253047 0.3587894522249095 31 
573 18 16.44328097731239 1.3777976777793206 5 1.3777976777793206 5 5.532286212914485 5.535776614310646 10 10 0.36211414682528703 0.36240501360830035 29 
573 18 16.363001745200698 1.3793797939278296 4 1.3793797939278296 4 5.570680628272251 5.570680628272251 10 10 0.36339391449064906 0.36339391449064906 28 
573 18 16.352530541012218 1.432076993890726 4 1.432076993890726 4 5.549738219895288 5.549738219895288 12 12 0.359035168806974 0.359035168806974 29 
573 18 16.115183246073297 1.4165031819909653 5 1.4165031819909653 5 5.556719022687609 5.556719022687609 9 9 0.36519121277412525 0.36519121277412525 29 
573 18 16.663176265270508 1.3654410357185072 4 1.3654410357185072 4 5.5951134380453755 5.5951134380453755 10 10 0.36094718475922005 0.36094718475922005 32 
573 18 15.989528795811518 1.376112169355706 5 1.376112169355706 5 5.5811518324607325 5.5846422338568935 10 10 0.37009738258093067 0.3702719026507387 25 
573 18 16.834205933682373 1.386147698274497 4 1.386147698274497 4 5.5741710296684115 5.5741710296684115 10 10 0.3582762815250356 0.3582762815250356 29 
573 18 16.404886561954626 1.3664694094455236 4 1.3664694094455236 4 5.56369982547993 5.56369982547993 11 11 0.36327550158157607 0.36327550158157607 31 
573 18 16.541012216404887 1.3782384651697648 4 1.3782384651697648 4 5.5846422338568935 5.5846422338568935 10 10 0.3631710651630111 0.3631710651630111 30 
573 18 16.359511343804538 1.3443004990658733 5 1.3443004990658733 5 5.532286212914485 5.532286212914485 11 11 0.3596002354407973 0.3596002354407973 30 
573 18 16.68760907504363 1.3540788009807023 4 1.3540788009807023 4 5.5846422338568935 5.5846422338568935 10 10 0.3545141005038063 0.3545141005038063 30 
573 18 16.607329842931936 1.3843437643849146 4 1.3843437643849146 4 5.5811518324607325 5.5846422338568935 11 11 0.3560847807084982 0.3562437637948658 30 
573 18 16.44328097731239 1.3936456160347246 5 1.3936456160347246 5 5.483420593368237 5.483420593368237 10 10 0.35587894730485115 0.35587894730485115 28 
573 18 16.6108202443281 1.3854198153672463 4 1.3854198153672463 4 5.556719022687609 5.556719022687609 10 10 0.3590376751190196 0.3590376751190196 28 
573 18 16.4956369982548 1.389311064434137 5 1.389311064434137 5 5.570680628272251 5.570680628272251 11 11 0.3587461317551217 0.3587461317551217 33 
573 18 16.593368237347295 1.3780318578428714 4 1.3780318578428714 4 5.532286212914485 5.532286212914485 10 10 0.3589288644829878 0.3589288644829878 33 
573 18 16.848167539267017 1.4008376556291597 4 1.4008376556291597 4 5.50087260034904 5.50087260034904 10 10 0.3560516077861021 0.3560516077861021 32 
573 18 17.040139616055846 1.4023400660621859 4 1.4023400660621859 4 5.591623036649215 5.5951134380453755 11 12 0.35763486170469655 0.3578602834615319 30 
573 18 16.460732984293195 1.3594654026791895 4 1.3594654026791895 4 5.56719022687609 5.56719022687609 11 11 0.3565695313231677 0.3565695313231677 33 
573 18 16.237347294938917 1.3867429489753702 5 1.3867429489753702 5 5.5811518324607325 5.5846422338568935 10 10 0.3662660040279568 0.366454406376045 27 
573 18 16.680628272251308 1.3959199956836172 5 1.3959199956836172 5 5.549738219895288 5.549738219895288 10 10 0.35612508676885174 0.35612508676885174 29 
573 18 16.342059336823734 1.3806233978603863 4 1.3806233978603863 4 5.5846422338568935 5.5846422338568935 9 9 0.36420692603109145 0.36420692603109145 30 
573 18 16.45026178010471 1.402887596626441 4 1.402887596626441 4 5.5881326352530545 5.5881326352530545 10 10 0.36811867680432747 0.36811867680432747 29 
573 18 16.88656195462478 1.4355978873368926 4 1.4355978873368926 4 5.609075043630018 5.612565445026178 10 11 0.3596958939750785 0.35997307290947955 32 
573 18 17.012216404886562 1.3683219720122717 4 1.3683219720122717 4 5.5951134380453755 5.5951134380453755 11 11 0.3560804047729599 0.3560804047729599 32 
573 18 16.55846422338569 1.3650342599887302 4 1.3650342599887302 4 5.570680628272251 5.570680628272251 10 10 0.3604069086631388 0.3604069086631388 30 
573 18 16.12565445026178 1.3659539370933989 4 1.3659539370933989 4 5.630017452006981 5.630017452006981 11 11 0.37267095356695096 0.37267095356695096 26 
573 18 16.411867364746946 1.3516799900264906 5 1.3516799900264906 5 5.525305410122164 5.525305410122164 9 9 0.3573150296056567 0.3573150296056567 27 
573 18 16.57591623036649 1.3969033448801558 5 1.3969033448801558 5 5.560209424083769 5.560209424083769 9 9 0.3609719655207736 0.3609719655207736 29 
573 18 16.788830715532285 1.3660332829395863 4 1.3660332829395863 4 5.556719022687609 5.556719022687609 11 11 0.3577029731385227 0.3577029731385227 28 
573 18 16.328097731239094 1.3537513888669679 5 1.3537513888669679 5 5.556719022687609 5.556719022687609 10 10 0.3636099616569399 0.3636099616569399 28 
573 18 16.42931937172775 1.3666769669163434 4 1.3666769669163434 4 5.570680628272251 5.570680628272251 10 10 0.3599062068334709 0.3599062068334709 28 
573 18 16.30715532286213 1.392320550126215 4 1.392320550126215 4 5.549738219895288 5.549738219895288 10 10 0.36488682800161554 0.36488682800161554 29 
573 18 16.705061082024432 1.3888526861462573 4 1.3888526861462573 4 5.56719022687609 5.56719022687609 10 10 0.35724678026122375 0.35724678026122375 30 
573 18 16.952879581151834 1.378304427008002 4 1.378304427008002 4 5.560209424083769 5.560209424083769 10 10 0.35399881015483425 0.35399881015483425 32 
573 18 15.982547993019198 1.3678785542959324 4 1.3678785542959324 4 5.570680628272251 5.5741710296684115 10 10 0.36583747389058546 0.36601946005963665 28 
573 18 16.527050610820243 1.3721504497603865 5 1.3721504497603865 5 5.5951134380453755 5.5951134380453755 11 11 0.360825338708474 0.360825338708474 28 
573 18 16.596858638743456 1.3479321928039163 5 1.3479321928039163 5 5.5811518324607325 5.5846422338568935 10 10 0.36388412018600524 0.36412650917184974 27 
573 18 16.244328097731238 1.3934357574200047 4 1.3934357574200047 4 5.591623036649215 5.591623036649215 11 11 0.365709127158316 0.365709127158316 27 
573 18 16.862129144851657 1.4095894929254056 4 1.4095894929254056 4 5.556719022687609 5.556719022687609 10 10 0.35046789720999527 0.35046789720999527 27 
573 18 15.986038394415358 1.3700898697917396 5 1.3700898697917396 5 5.424083769633508 5.424083769633508 11 11 0.36386605284791107 0.36386605284791107 28 
573 18 16.7434554973822 1.3790986979751916 4 1.3790986979751916 4 5.5881326352530545 5.5881326352530545 10 10 0.35994363601300283 0.35994363601300283 31 
573 18 16.12914485165794 1.371882259004018 5 1.371882259004018 5 5.525305410122164 5.525305410122164 11 11 0.36238298896925125 0.36238298896925125 30 
573 18 16.79581151832461 1.3909197319697766 4 1.3909197319697766 4 5.455497382198953 5.455497382198953 10 10 0.3498862335364579 0.3498862335364579 30 
573 18 15.919720767888307 1.3725058699682535 5 1.3725058699682535 5 5.5776614310645725 5.5776614310645725 10 10 0.37422123180735734 0.37422123180735734 30 
573 18 15.965095986038394 1.4346960794375183 5 1.4346960794375183 5 5.549738219895288 5.549738219895288 10 10 0.3669025368611253 0.3669025368611253 27 
573 18 16.401396160558463 1.3719150898831756 5 1.3719150898831756 5 5.62652705061082 5.62652705061082 10 10 0.365242603878295 0.365242603878295 27 
573 18 15.75916230366492 1.3642301833023052 4 1.3642301833023052 4 5.556719022687609 5.560209424083769 10 10 0.3715301588721182 0.3717674449319449 27 
573 18 16.712041884816752 1.4086081900180933 5 1.4086081900180933 5 5.643979057591623 5.643979057591623 10 10 0.36068436956770783 0.36068436956770783 27 
573 18 16.352530541012218 1.36863037495791 4 1.36863037495791 4 5.549738219895288 5.549738219895288 10 10 0.36488669216492275 0.36488669216492275 30 
573 18 16.425828970331587 1.387770275135443 4 1.387770275135443 4 5.5846422338568935 5.5846422338568935 10 10 0.36382295707977297 0.36382295707977297 29 
573 18 16.530541012216403 1.381884371017839 5 1.381884371017839 5 5.553228621291448 5.553228621291448 9 9 0.35871172121729117 0.35871172121729117 28 
573 18 16.17452006980803 1.3757989670162747 5 1.3757989670162747 5 5.511343804537522 5.511343804537522 10 10 0.3651510684840293 0.3651510684840293 29 
573 18 16.771378708551484 1.388585907228571 4 1.388585907228571 4 5.490401396160559 5.493891797556719 10 11 0.35639077091528654 0.3565749865445283 33 
573 18 16.910994764397905 1.3785468807606502 4 1.3785468807606502 4 5.56719022687609 5.56719022687609 10 10 0.3521190740551954 0.3521190740551954 33 
573 18 15.773123909249565 1.3722743702774203 4 1.3722743702774203 4 5.605584642233857 5.609075043630018 10 11 0.37324760995581624 0.37342959612486737 28 
573 18 16.698080279232112 1.3880506841313633 5 1.3880506841313633 5 5.5846422338568935 5.5846422338568935 10 10 0.3625479843553503 0.3625479843553503 30 
573 18 16.62129144851658 1.3892368409584503 4 1.3892368409584503 4 5.5951134380453755 5.5951134380453755 10 10 0.35809704978558804 0.35809704978558804 29 
573 18 16.233856893542757 1.4085401266254323 4 1.4085401266254323 4 5.493891797556719 5.493891797556719 10 10 0.3581294716437059 0.3581294716437059 28 
573 18 16.383944153577662 1.393221649007095 4 1.393221649007095 4 5.486910994764398 5.486910994764398 9 9 0.3540099149540444 0.3540099149540444 30 
573 18 16.36998254799302 1.3867877903559305 4 1.3867877903559305 4 5.598603839441536 5.598603839441536 10 10 0.3638709673930452 0.3638709673930452 29 
573 18 16.418848167539267 1.3867237153716419 4 1.3867237153716419 4 5.5951134380453755 5.602094240837697 10 10 0.3681303420768436 0.3684857376788636 30 
573 18 16.13961605584642 1.413205872499712 5 1.413205872499712 5 5.507853403141361 5.507853403141361 10 10 0.3585047323122662 0.3585047323122662 26 
573 18 16.13612565445026 1.3737232594448336 4 1.3737232594448336 4 5.535776614310646 5.535776614310646 10 10 0.36376030892320105 0.36376030892320105 28 
573 18 16.691099476439792 1.3839379871341446 4 1.3839379871341446 4 5.546247818499127 5.546247818499127 11 11 0.35575882019467886 0.35575882019467886 30 
573 18 16.93542757417103 1.3923419035659594 4 1.3923419035659594 4 5.56719022687609 5.5741710296684115 11 12 0.35318659714963413 0.35352511103610534 33 
573 18 16.705061082024432 1.3807664537555635 5 1.3807664537555635 5 5.5776614310645725 5.5776614310645725 10 10 0.3637189682080847 0.3637189682080847 31 
573 18 16.031413612565444 1.4020996272512687 4 1.4020996272512687 4 5.50087260034904 5.50087260034904 10 10 0.3604596792285519 0.3604596792285519 25 
573 18 17.44153577661431 1.341014788427034 5 1.341014788427034 5 5.542757417102967 5.542757417102967 10 10 0.3522848347745847 0.3522848347745847 42 
573 18 16.45375218150087 1.375966690497581 5 1.375966690497581 5 5.49738219895288 5.49738219895288 10 10 0.3570862595263148 0.3570862595263148 32 
573 18 15.986038394415358 1.3762481431491975 4 1.3762481431491975 4 5.5776614310645725 5.5776614310645725 9 9 0.3684772911656414 0.3684772911656414 28 
573 18 16.656195462478184 1.391485498690383 5 1.391485498690383 5 5.521815008726003 5.521815008726003 9 9 0.3593227297830344 0.3593227297830344 32 
573 18 16.92495636998255 1.3828185140376956 4 1.3828185140376956 4 5.521815008726003 5.521815008726003 10 10 0.3530881615724647 0.3530881615724647 31 
573 18 16.61780104712042 1.3828928605050597 4 1.3828928605050597 4 5.56369982547993 5.56369982547993 10 10 0.3548392707447044 0.3548392707447044 30 
573 18 16.017452006980804 1.359398199817571 5 1.359398199817571 5 5.56719022687609 5.570680628272251 10 10 0.3691018081266519 0.36931511043419507 30 
573 18 16.715532286212916 1.3974646951380068 5 1.3974646951380068 5 5.525305410122164 5.525305410122164 10 10 0.3566550377856428 0.3566550377856428 31 
573 18 16.073298429319372 1.3651390165349775 4 1.3651390165349775 4 5.546247818499127 5.549738219895288 10 10 0.3609329332960575 0.36114113267758285 25 
573 18 16.649214659685864 1.361370628687787 4 1.361370628687787 4 5.472949389179756 5.472949389179756 11 11 0.3545236834721144 0.3545236834721144 32 
573 18 17.029668411867366 1.3733225791633998 4 1.3733225791633998 4 5.591623036649215 5.591623036649215 10 10 0.35637539606674234 0.35637539606674234 31 
573 18 16.12216404886562 1.3581126693902708 4 1.3581126693902708 4 5.483420593368237 5.483420593368237 10 10 0.3590276602933406 0.3590276602933406 26 
573 18 16.237347294938917 1.394477336756142 4 1.394477336756142 4 5.476439790575916 5.476439790575916 10 10 0.3595700385698453 0.3595700385698453 29 
573 18 16.81675392670157 1.4074461375266485 5 1.4074461375266485 5 5.56369982547993 5.56369982547993 10 10 0.35493645863660706 0.35493645863660706 31 
573 18 16.275741710296685 1.3803652303151035 4 1.3803652303151035 4 5.486910994764398 5.486910994764398 10 10 0.36250860796988094 0.36250860796988094 34 
573 18 16.30366492146597 1.3736659891741014 4 1.3736659891741014 4 5.504363001745201 5.504363001745201 9 9 0.35961943666975393 0.35961943666975393 26 
573 18 16.551483420593367 1.3878101449000682 4 1.3878101449000682 4 5.570680628272251 5.570680628272251 10 10 0.3608541367866523 0.3608541367866523 31 
573 18 16.834205933682373 1.3611736431253907 5 1.3611736431253907 5 5.542757417102967 5.542757417102967 10 10 0.359653422446676 0.359653422446676 35 
573 18 16.6108202443281 1.3626765651323198 4 1.3626765651323198 4 5.486910994764398 5.486910994764398 9 9 0.35751944419613313 0.35751944419613313 32 
573 18 16.230366492146597 1.397629260456317 4 1.397629260456317 4 5.5741710296684115 5.5741710296684115 12 12 0.3590754256226702 0.3590754256226702 25 
573 18 16.649214659685864 1.4190365182954596 5 1.4190365182954596 5 5.525305410122164 5.528795811518324 10 10 0.3582545455013922 0.35847189650408345 30 
573 18 17.144851657940663 1.4082366953310703 4 1.4082366953310703 4 5.514834205933682 5.514834205933682 9 9 0.3504216890312586 0.3504216890312586 31 
573 18 16.48516579406632 1.4062764214579402 5 1.4062764214579402 5 5.518324607329843 5.518324607329843 10 10 0.3568321181425458 0.3568321181425458 28 
573 18 16.736474694589877 1.3707183832533327 4 1.3707183832533327 4 5.616055846422339 5.616055846422339 10 10 0.3579077106925672 0.3579077106925672 33 
573 18 16.970331588132634 1.3694445059794438 5 1.3694445059794438 5 5.525305410122164 5.525305410122164 10 10 0.34790524571005227 0.34790524571005227 29 
573 18 17.089005235602095 1.3911488834553591 5 1.3911488834553591 5 5.5811518324607325 5.5881326352530545 9 10 0.3630267574078074 0.36346259095112476 38 
573 18 16.1326352530541 1.3704571965483234 5 1.3704571965483234 5 5.556719022687609 5.556719022687609 10 10 0.3640505590873236 0.3640505590873236 27 
573 18 16.659685863874344 1.3442915086892453 4 1.3442915086892453 4 5.5881326352530545 5.5881326352530545 10 10 0.3656538234305943 0.3656538234305943 29 
573 18 16.226876090750437 1.3586328272383439 4 1.3586328272383439 4 5.535776614310646 5.539267015706806 11 11 0.3653591321870622 0.3655077271740364 31 
573 18 16.93891797556719 1.3778199747992863 5 1.3778199747992863 5 5.56719022687609 5.56719022687609 10 10 0.35599404121127287 0.35599404121127287 30 
573 18 17.033158813263526 1.4136319589419348 5 1.4136319589419348 5 5.5741710296684115 5.5741710296684115 10 10 0.3590347730176537 0.3590347730176537 31 
573 18 16.359511343804538 1.3708864557766276 4 1.3708864557766276 4 5.518324607329843 5.521815008726003 11 11 0.35873426256180135 0.3589669559882121 29 
573 18 16.474694589877835 1.4265665978951036 5 1.4265665978951036 5 5.5951134380453755 5.5951134380453755 11 11 0.37079176641669154 0.37079176641669154 32 
573 18 16.694589877835952 1.3784556443832487 5 1.3784556443832487 5 5.546247818499127 5.546247818499127 11 11 0.35741777401050234 0.35741777401050234 28 
573 18 16.93193717277487 1.3614242991088215 4 1.3614242991088215 4 5.521815008726003 5.521815008726003 10 10 0.353713219216454 0.353713219216454 34 
573 18 15.989528795811518 1.3859865027123635 4 1.3859865027123635 4 5.50087260034904 5.50087260034904 10 10 0.36644952092250854 0.36644952092250854 28 
573 18 16.331588132635254 1.3906101599859462 4 1.3906101599859462 4 5.560209424083769 5.560209424083769 10 10 0.360620092558967 0.360620092558967 27 
573 18 16.57242582897033 1.4322177565376333 4 1.4322177565376333 4 5.532286212914485 5.532286212914485 11 11 0.3580888689023968 0.3580888689023968 31 
573 18 15.982547993019198 1.3652258863191988 4 1.3652258863191988 4 5.5846422338568935 5.5846422338568935 10 10 0.3705782082542516 0.3705782082542516 27 
573 18 16.212914485165793 1.3883618182429247 5 1.3883618182429247 5 5.619546247818499 5.619546247818499 10 10 0.36468333873036324 0.36468333873036324 27 
573 18 16.342059336823734 1.3768710700133144 4 1.3768710700133144 4 5.560209424083769 5.560209424083769 11 11 0.36050786555173314 0.36050786555173314 29 
573 18 16.50610820244328 1.3864224242997545 4 1.3864224242997545 4 5.504363001745201 5.504363001745201 10 10 0.3555635511071949 0.3555635511071949 28 
573 18 15.975567190226876 1.350991957691829 5 1.350991957691829 5 5.549738219895288 5.549738219895288 10 10 0.368401035830356 0.368401035830356 31 
573 18 16.30715532286213 1.4209756839811314 4 1.4209756839811314 4 5.570680628272251 5.570680628272251 10 10 0.3618701356153956 0.3618701356153956 26 
573 18 17.18673647469459 1.3778141539334035 5 1.3778141539334035 5 5.5741710296684115 5.5741710296684115 11 11 0.35299882646088954 0.35299882646088954 33 
573 18 16.164048865619545 1.3932971417368725 4 1.3932971417368725 4 5.504363001745201 5.504363001745201 10 10 0.3637574652494297 0.3637574652494297 29 
573 18 16.164048865619545 1.357619242352396 4 1.357619242352396 4 5.511343804537522 5.514834205933682 9 9 0.3612192171660671 0.3614988967651184 32 
