573 18 16.36649214659686 1.385749046632875 4 1.385749046632875 4 5.542757417102967 5.542757417102967 11 11 0.364129473112338 0.364129473112338 29 
573 18 16.778359511343805 1.3506066103769023 4 1.3506066103769023 4 5.560209424083769 5.560209424083769 10 10 0.3540141991496737 0.3540141991496737 30 
573 18 16.544502617801047 1.3897516392044627 4 1.3897516392044627 4 5.514834205933682 5.518324607329843 10 10 0.35753966057880265 0.3577669766361157 29 
573 18 16.272251308900522 1.3908529922294262 4 1.3908529922294262 4 5.5846422338568935 5.5846422338568935 12 12 0.3592925150984964 0.3592925150984964 26 
573 18 16.534031413612567 1.401037479777857 5 1.401037479777857 5 5.518324607329843 5.518324607329843 10 10 0.3517237377144724 0.3517237377144724 30 
573 18 16.2652705061082 1.3960824116590171 5 1.3960824116590171 5 5.570680628272251 5.570680628272251 10 10 0.3601632413808735 0.3601632413808735 28 
573 18 16.694589877835952 1.3767337406561355 4 1.3767337406561355 4 5.553228621291448 5.553228621291448 10 10 0.35808208907515837 0.35808208907515837 33 
573 18 16.670157068062828 1.3923636007227285 4 1.3923636007227285 4 5.560209424083769 5.560209424083769 10 10 0.35408442912322163 0.35408442912322163 30 
573 18 16.401396160558463 1.4020501090726598 4 1.4020501090726598 4 5.56719022687609 5.56719022687609 9 9 0.3689108956797156 0.3689108956797156 28 
573 18 17.232111692844676 1.380429498420181 4 1.380429498420181 4 5.556719022687609 5.556719022687609 10 10 0.35074970887941087 0.35074970887941087 31 
573 18 16.244328097731238 1.3791241146045106 4 1.3791241146045106 4 5.525305410122164 5.528795811518324 10 11 0.3660799552763964 0.3662357767672964 31 
573 18 16.25828970331588 1.378354097841601 5 1.378354097841601 5 5.50087260034904 5.50087260034904 9 9 0.36163438178376367 0.36163438178376367 30 
573 18 16.6108202443281 1.3812543783595301 4 1.3812543783595301 4 5.549738219895288 5.549738219895288 10 10 0.36085430789568645 0.36085430789568645 33 
573 18 16.05933682373473 1.363677865786661 4 1.363677865786661 4 5.62303664921466 5.62652705061082 11 11 0.3730053415476069 0.37314227267930244 29 
573 18 17.022687609075042 1.3905862558287712 4 1.3905862558287712 4 5.479930191972077 5.483420593368237 10 10 0.3518932877732799 0.35203872116478657 34 
573 18 16.691099476439792 1.3887882842186139 5 1.3887882842186139 5 5.518324607329843 5.518324607329843 10 10 0.3555775793247285 0.3555775793247285 35 
573 18 16.30366492146597 1.3710874974712148 4 1.3710874974712148 4 5.514834205933682 5.514834205933682 10 10 0.35575600604800967 0.35575600604800967 28 
573 18 16.57940663176265 1.404359331809198 4 1.404359331809198 4 5.50087260034904 5.50087260034904 9 9 0.3598163568207925 0.3598163568207925 28 
573 18 16.705061082024432 1.383147593003949 5 1.383147593003949 5 5.5951134380453755 5.5951134380453755 9 9 0.3625022803124313 0.3625022803124313 31 
573 18 15.55322862129145 1.3851936614351854 5 1.3851936614351854 5 5.504363001745201 5.504363001745201 11 11 0.3723755825755457 0.3723755825755457 26 
573 18 16.705061082024432 1.3668658321397256 4 1.3668658321397256 4 5.560209424083769 5.560209424083769 9 9 0.3610301852294067 0.3610301852294067 28 
573 18 16.834205933682373 1.3781834848107988 5 1.3781834848107988 5 5.549738219895288 5.549738219895288 10 10 0.35853784656779936 0.35853784656779936 28 
573 18 16.356020942408378 1.3795812839435226 5 1.3795812839435226 5 5.560209424083769 5.560209424083769 10 10 0.3636244780331518 0.3636244780331518 29 
573 18 16.017452006980804 1.3772335292842264 4 1.3772335292842264 4 5.525305410122164 5.525305410122164 12 12 0.36185851182852524 0.36185851182852524 25 
573 18 16.551483420593367 1.3994002013912852 5 1.3994002013912852 5 5.570680628272251 5.570680628272251 11 11 0.3585145585935809 0.3585145585935809 29 
573 18 16.37347294938918 1.3846290564862864 5 1.3846290564862864 5 5.535776614310646 5.535776614310646 10 10 0.35670697221866926 0.35670697221866926 28 
573 18 16.509598603839443 1.3801438501944283 5 1.3801438501944283 5 5.5881326352530545 5.5881326352530545 10 10 0.3640896519887293 0.3640896519887293 28 
573 18 16.146596858638745 1.3789498713220323 4 1.3789498713220323 4 5.511343804537522 5.511343804537522 10 10 0.3601290105221348 0.3601290105221348 29 
573 18 16.58289703315881 1.393109941941136 4 1.393109941941136 4 5.598603839441536 5.598603839441536 10 10 0.3666499464945424 0.3666499464945424 31 
573 18 17.036649214659686 1.3742935261801252 4 1.3742935261801252 4 5.532286212914485 5.532286212914485 11 11 0.3547816719280051 0.3547816719280051 30 
573 18 17.287958115183248 1.3899581793213112 5 1.3899581793213112 5 5.511343804537522 5.511343804537522 10 10 0.3462535004555869 0.3462535004555869 34 
573 18 16.034904013961604 1.39570034579209 5 1.39570034579209 5 5.539267015706806 5.542757417102967 10 10 0.3640522001426686 0.3642599621305353 26 
573 18 17.005235602094242 1.3662449367675868 5 1.3662449367675868 5 5.560209424083769 5.560209424083769 11 11 0.3510004806111619 0.3510004806111619 32 
573 18 16.153577661431065 1.3761692371462106 4 1.3761692371462106 4 5.556719022687609 5.556719022687609 9 9 0.37073964904307766 0.37073964904307766 29 
573 18 16.973821989528794 1.3806513579564847 4 1.3806513579564847 4 5.5881326352530545 5.5881326352530545 10 10 0.3575165842987095 0.3575165842987095 32 
573 18 16.50261780104712 1.383387479335998 4 1.383387479335998 4 5.56369982547993 5.56369982547993 10 10 0.35967964397049457 0.35967964397049457 30 
573 18 16.411867364746946 1.419589675326024 4 1.419589675326024 4 5.556719022687609 5.556719022687609 10 10 0.3611217483393835 0.3611217483393835 29 
573 18 16.338568935427574 1.3842729179779334 5 1.3842729179779334 5 5.542757417102967 5.542757417102967 10 10 0.36263951540912653 0.36263951540912653 32 
573 18 16.464223385689355 1.3774830357266628 4 1.3774830357266628 4 5.570680628272251 5.570680628272251 10 10 0.36301602202524785 0.36301602202524785 31 
573 18 16.223385689354277 1.3861076023011232 4 1.3861076023011232 4 5.542757417102967 5.542757417102967 10 10 0.3593889298012365 0.3593889298012365 29 
573 18 16.383944153577662 1.4001318258986846 5 1.4001318258986846 5 5.570680628272251 5.5741710296684115 10 11 0.36468957443214634 0.3648520065317512 30 
573 18 16.349040139616054 1.3640136616261902 5 1.3640136616261902 5 5.518324607329843 5.521815008726003 10 10 0.35887193398438927 0.35906033633247747 32 
573 18 16.30715532286213 1.3736325945938128 5 1.3736325945938128 5 5.549738219895288 5.549738219895288 10 10 0.36481973273167334 0.36481973273167334 28 
573 18 17.005235602094242 1.4303746574669405 5 1.4303746574669405 5 5.570680628272251 5.570680628272251 11 11 0.349939062916184 0.349939062916184 31 
573 18 16.74694589877836 1.3934590442288366 5 1.3934590442288366 5 5.514834205933682 5.514834205933682 10 10 0.3538731078184733 0.3538731078184733 31 
573 18 16.272251308900522 1.371862121189274 4 1.371862121189274 4 5.542757417102967 5.546247818499127 10 10 0.35924130522140185 0.3594906196068419 29 
573 18 16.774869109947645 1.3465604612104 4 1.3465604612104 4 5.532286212914485 5.532286212914485 10 10 0.35727993663078367 0.35727993663078367 33 
573 18 17.169284467713787 1.3744078277621987 4 1.3744078277621987 4 5.539267015706806 5.539267015706806 10 10 0.34964364741815585 0.34964364741815585 32 
573 18 16.527050610820243 1.3765437642497755 4 1.3765437642497755 4 5.511343804537522 5.511343804537522 10 10 0.3508815746361902 0.3508815746361902 30 
573 18 17.179755671902267 1.3908847873752037 5 1.3908847873752037 5 5.5846422338568935 5.5846422338568935 10 10 0.35489386702645914 0.35489386702645914 33 
573 18 16.12565445026178 1.3832461162673269 4 1.3832461162673269 4 5.521815008726003 5.521815008726003 10 10 0.3637939803171373 0.3637939803171373 31 
573 18 16.376963350785342 1.3950562291548505 4 1.3950562291548505 4 5.56719022687609 5.56719022687609 12 12 0.36333432513996994 0.36333432513996994 34 
573 18 16.79581151832461 1.4145887532940187 5 1.4145887532940187 5 5.525305410122164 5.532286212914485 11 12 0.3561321737056319 0.35647328111480214 33 
573 18 16.57940663176265 1.4086001241693034 5 1.4086001241693034 5 5.630017452006981 5.636998254799302 12 12 0.3616464088464762 0.3620908361811099 29 
573 18 17.026178010471206 1.383686498922668 5 1.383686498922668 5 5.518324607329843 5.518324607329843 11 11 0.3533180645181294 0.3533180645181294 34 
573 18 16.11867364746946 1.3804208689769137 4 1.3804208689769137 4 5.5811518324607325 5.5811518324607325 10 10 0.36907150556834856 0.36907150556834856 28 
573 18 16.167539267015705 1.385654499010263 4 1.385654499010263 4 5.518324607329843 5.518324607329843 10 10 0.3612238478886806 0.3612238478886806 26 
573 18 16.767888307155324 1.3918397767260615 4 1.3918397767260615 4 5.609075043630018 5.609075043630018 9 9 0.35579972700215523 0.35579972700215523 27 
573 18 16.36998254799302 1.3644845974121995 5 1.3644845974121995 5 5.553228621291448 5.553228621291448 11 11 0.3613901436011885 0.3613901436011885 29 
573 18 16.547993019197207 1.399740852499005 4 1.399740852499005 4 5.542757417102967 5.542757417102967 11 11 0.3574261369289246 0.3574261369289246 29 
573 18 16.415357766143106 1.3591648093441637 4 1.3591648093441637 4 5.539267015706806 5.539267015706806 10 10 0.36625283878405457 0.36625283878405457 30 
573 18 16.537521815008727 1.3806106600444465 5 1.3806106600444465 5 5.542757417102967 5.542757417102967 11 11 0.36184015945065917 0.36184015945065917 29 
573 18 16.844677137870857 1.3613092509334956 4 1.3613092509334956 4 5.62303664921466 5.62303664921466 10 10 0.3554258691680021 0.3554258691680021 29 
573 18 16.513089005235603 1.3816076243509121 5 1.3816076243509121 5 5.469458987783595 5.472949389179756 10 11 0.3549803865069295 0.3551390411158459 30 
573 18 16.36998254799302 1.3696364974910722 4 1.3696364974910722 4 5.560209424083769 5.560209424083769 10 10 0.36128430810280776 0.36128430810280776 30 
573 18 16.94589877835951 1.3858205057091582 5 1.3858205057091582 5 5.616055846422339 5.616055846422339 10 10 0.35682197380926356 0.35682197380926356 30 
573 18 16.45026178010471 1.4004175051777417 5 1.4004175051777417 5 5.570680628272251 5.570680628272251 10 10 0.357892531801881 0.357892531801881 30 
573 18 16.401396160558463 1.3883862451867601 4 1.3883862451867601 4 5.525305410122164 5.525305410122164 11 11 0.36363071766737987 0.36363071766737987 29 
573 18 16.083769633507853 1.4013691509576327 4 1.4013691509576327 4 5.56369982547993 5.56369982547993 11 11 0.36455943399749413 0.36455943399749413 30 
573 18 16.74694589877836 1.365003197039751 4 1.365003197039751 4 5.539267015706806 5.542757417102967 10 10 0.3546889982190104 0.35481844991914274 31 
573 18 16.408376963350786 1.367897989104121 4 1.367897989104121 4 5.511343804537522 5.511343804537522 11 11 0.3581634797744895 0.3581634797744895 27 
573 18 16.17801047120419 1.3440685326118045 4 1.3440685326118045 4 5.493891797556719 5.493891797556719 11 11 0.3591681541094118 0.3591681541094118 27 
573 18 16.32460732984293 1.3824336055109623 4 1.3824336055109623 4 5.483420593368237 5.483420593368237 10 10 0.35693744434856844 0.35693744434856844 32 
573 18 16.600349040139616 1.398211258697784 5 1.398211258697784 5 5.469458987783595 5.469458987783595 10 10 0.36134447012886667 0.36134447012886667 29 
573 18 16.593368237347295 1.3577226276108874 4 1.3577226276108874 4 5.602094240837697 5.605584642233857 10 11 0.36043188163493595 0.3606257928236116 28 
573 18 16.554973821989527 1.3947374030644042 4 1.3947374030644042 4 5.5951134380453755 5.598603839441536 10 10 0.3634368042389467 0.3635824905580908 30 
573 18 16.115183246073297 1.3652125579534986 5 1.3652125579534986 5 5.507853403141361 5.511343804537522 10 10 0.36569719124145417 0.365875728397268 29 
573 18 15.811518324607329 1.3813461913403975 4 1.3813461913403975 4 5.556719022687609 5.556719022687609 11 11 0.3757487075883521 0.3757487075883521 29 
573 18 16.63176265270506 1.4262315807311716 4 1.4262315807311716 4 5.504363001745201 5.511343804537522 10 11 0.35353362696005974 0.3538875148793927 30 
573 18 16.18150087260035 1.364167076883446 4 1.364167076883446 4 5.532286212914485 5.532286212914485 10 10 0.36731389874537174 0.36731389874537174 29 
573 18 16.600349040139616 1.4456567540236729 4 1.4034013350696348 4 5.5811518324607325 5.5846422338568935 10 10 0.36417627686074017 0.36437988360884954 33 
573 18 16.11867364746946 1.3718962668264292 4 1.3718962668264292 4 5.5741710296684115 5.5741710296684115 10 10 0.3631727013497448 0.3631727013497448 28 
573 18 16.551483420593367 1.4127338151353734 4 1.4127338151353734 4 5.493891797556719 5.493891797556719 11 11 0.3542384883824011 0.3542384883824011 28 
573 18 16.31762652705061 1.3692371128394534 4 1.3692371128394534 4 5.532286212914485 5.535776614310646 10 11 0.36051120208587945 0.3607011209853763 27 
573 18 16.226876090750437 1.366721042021712 5 1.366721042021712 5 5.525305410122164 5.525305410122164 10 10 0.3665644652168773 0.3665644652168773 28 
573 18 16.167539267015705 1.3497998414697576 5 1.3497998414697576 5 5.570680628272251 5.570680628272251 10 10 0.3667590535489194 0.3667590535489194 28 
573 18 16.069808027923212 1.3569747351334907 4 1.3569747351334907 4 5.56369982547993 5.56369982547993 10 10 0.3677065889629497 0.3677065889629497 31 
573 18 16.31064572425829 1.352172448850646 5 1.352172448850646 5 5.570680628272251 5.570680628272251 10 10 0.3638221236888426 0.3638221236888426 32 
573 18 17.06457242582897 1.3760697727277054 4 1.3760697727277054 4 5.5846422338568935 5.5846422338568935 10 10 0.34954439976779667 0.34954439976779667 28 
573 18 16.547993019197207 1.375960718488993 4 1.375960718488993 4 5.5741710296684115 5.5741710296684115 11 11 0.3580822607429815 0.3580822607429815 31 
573 18 16.30366492146597 1.3720231884742768 5 1.3720231884742768 5 5.5776614310645725 5.5776614310645725 10 10 0.36682489235838406 0.36682489235838406 30 
573 18 16.81326352530541 1.3411406318884478 4 1.3411406318884478 4 5.542757417102967 5.542757417102967 11 11 0.355394491306372 0.355394491306372 29 
573 18 16.031413612565444 1.3794851921957807 4 1.3794851921957807 4 5.542757417102967 5.553228621291448 10 11 0.36159825078538194 0.36207158116637667 29 
573 18 16.6108202443281 1.3863434903952674 4 1.3863434903952674 4 5.570680628272251 5.570680628272251 11 11 0.35933761387074703 0.35933761387074703 29 
573 18 16.698080279232112 1.4313677586507778 4 1.4313677586507778 4 5.56719022687609 5.56719022687609 10 10 0.3581052775552921 0.3581052775552921 28 
573 18 16.282722513089006 1.397898890389549 4 1.397898890389549 4 5.539267015706806 5.542757417102967 9 9 0.36110921091420234 0.36131697290206904 31 
573 18 16.767888307155324 1.3598984328622847 5 1.3598984328622847 5 5.539267015706806 5.539267015706806 10 10 0.354929070780912 0.354929070780912 29 
573 18 16.48865619546248 1.3756358767201153 5 1.3756358767201153 5 5.539267015706806 5.546247818499127 10 10 0.35802955121484675 0.35836741005849226 32 
573 18 16.719022687609076 1.3808824643841418 4 1.3808824643841418 4 5.521815008726003 5.521815008726003 11 11 0.35358061294130727 0.35358061294130727 31 
573 18 16.42931937172775 1.3971845433824648 4 1.3971845433824648 4 5.598603839441536 5.598603839441536 10 10 0.36299519461607377 0.36299519461607377 30 
573 18 15.975567190226876 1.3395552628779017 4 1.3395552628779017 4 5.535776614310646 5.535776614310646 10 10 0.3672284137877985 0.3672284137877985 28 
573 18 16.48167539267016 1.3874775242291797 4 1.3874775242291797 4 5.528795811518324 5.528795811518324 10 10 0.3603891714880572 0.3603891714880572 29 
573 18 15.828970331588133 1.4190601711099275 5 1.4190601711099275 5 5.546247818499127 5.549738219895288 11 11 0.37355514385807276 0.3738979511380528 31 
573 18 16.43280977312391 1.3698146240641103 4 1.3698146240641103 4 5.56719022687609 5.56719022687609 10 10 0.3610615455380433 0.3610615455380433 29 
573 18 16.12914485165794 1.360787756516484 4 1.360787756516484 4 5.542757417102967 5.542757417102967 11 11 0.3700102581524067 0.3700102581524067 28 
573 18 17.137870855148343 1.3740070448927326 4 1.3740070448927326 4 5.570680628272251 5.5741710296684115 10 10 0.356143432584382 0.3563397676629161 34 
573 18 16.642233856893544 1.4306074622746812 4 1.4306074622746812 4 5.619546247818499 5.619546247818499 10 10 0.3559243429741974 0.3559243429741974 26 
573 18 16.45026178010471 1.3982324194072187 4 1.3982324194072187 4 5.542757417102967 5.549738219895288 10 11 0.35729516742788553 0.35763303358580634 28 
573 18 16.467713787085515 1.4059888425171005 4 1.4059888425171005 4 5.5741710296684115 5.5741710296684115 10 10 0.3594062854961067 0.3594062854961067 27 
573 18 16.041884816753928 1.3696701400663331 4 1.3696701400663331 4 5.56369982547993 5.56369982547993 10 10 0.3697808426066458 0.3697808426066458 29 
573 18 16.530541012216403 1.3614133250754585 4 1.3614133250754585 4 5.605584642233857 5.609075043630018 11 11 0.36316409471506 0.3633483103443018 29 
573 18 16.415357766143106 1.3615124631887618 4 1.3615124631887618 4 5.5951134380453755 5.5951134380453755 10 10 0.3648482230482795 0.3648482230482795 28 
573 18 16.785340314136125 1.3918332129854096 5 1.3918332129854096 5 5.553228621291448 5.553228621291448 10 10 0.36106331623911486 0.36106331623911486 34 
573 18 16.778359511343805 1.3886617777138934 4 1.3886617777138934 4 5.49738219895288 5.49738219895288 9 9 0.35266581352205706 0.35266581352205706 30 
573 18 16.537521815008727 1.3651623838675702 4 1.3651623838675702 4 5.56369982547993 5.56369982547993 10 10 0.36035387758397536 0.36035387758397536 30 
573 18 16.457242582897035 1.3838606156511835 4 1.3838606156511835 4 5.5811518324607325 5.5811518324607325 10 10 0.36143975630645125 0.36143975630645125 27 
573 18 16.649214659685864 1.3757731551553825 4 1.3757731551553825 4 5.5951134380453755 5.598603839441536 10 11 0.3625401510299027 0.36275345333744585 32 
573 18 16.198952879581153 1.377110015292186 4 1.377110015292186 4 5.5881326352530545 5.5881326352530545 10 10 0.36461711543151293 0.36461711543151293 31 
573 18 16.42931937172775 1.3716729905504417 4 1.3716729905504417 4 5.5951134380453755 5.5951134380453755 10 10 0.3624632060217474 0.3624632060217474 33 
573 18 16.097731239092496 1.3800143712855175 4 1.3800143712855175 4 5.633507853403142 5.633507853403142 10 10 0.37147675611033293 0.37147675611033293 25 
573 18 16.848167539267017 1.4204674624433578 5 1.4204674624433578 5 5.56369982547993 5.570680628272251 10 11 0.3547967732518702 0.35519378089605336 34 
573 18 16.05584642233857 1.3514502180974817 5 1.3514502180974817 5 5.5881326352530545 5.591623036649215 11 11 0.36466480646827426 0.3649058103741996 26 
573 18 16.49214659685864 1.3758923258618083 5 1.3758923258618083 5 5.546247818499127 5.546247818499127 10 10 0.36364831235173195 0.36364831235173195 35 
573 18 16.726003490401396 1.4038412232011803 4 1.4038412232011803 4 5.525305410122164 5.525305410122164 10 10 0.3568162853000177 0.3568162853000177 31 
573 18 17.20069808027923 1.3648079888750408 4 1.3648079888750408 4 5.5741710296684115 5.5741710296684115 11 11 0.34812587864117506 0.34812587864117506 32 
