637 20 18.050235478806908 1.3634794923235567 5 1.3634794923235567 5 5.670329670329671 5.670329670329671 10 10 0.3301046571375018 0.3301046571375018 34 
637 20 17.98116169544741 1.3673063629941977 5 1.3673063629941977 5 5.645211930926217 5.648351648351649 11 11 0.3321926357387183 0.3323158092684852 33 
637 20 17.956043956043956 1.391532352129083 4 1.391532352129083 4 5.660910518053376 5.660910518053376 11 11 0.33071992877714507 0.33071992877714507 28 
637 20 18.10989010989011 1.3943551864066752 5 1.3943551864066752 5 5.598116169544741 5.604395604395604 10 11 0.33124166831417917 0.3315416640888866 32 
637 20 18.27315541601256 1.4051569219949522 4 1.4051569219949522 4 5.638932496075353 5.638932496075353 10 10 0.32685183499421727 0.32685183499421727 30 
637 20 18.16954474097331 1.387938256668826 5 1.387938256668826 5 5.673469387755102 5.673469387755102 10 10 0.33092422323094084 0.33092422323094084 31 
637 20 18.95133437990581 1.3937907082737038 4 1.3937907082737038 4 5.6985871271585555 5.6985871271585555 10 10 0.3267293778299924 0.3267293778299924 38 
637 20 18.175824175824175 1.3784422472222044 5 1.3784422472222044 5 5.629513343799058 5.629513343799058 10 10 0.3278095325091832 0.3278095325091832 29 
637 20 18.069073783359496 1.4033245201816755 5 1.4033245201816755 5 5.642072213500785 5.642072213500785 11 11 0.32832135661698436 0.32832135661698436 29 
637 20 18.9010989010989 1.3957234664836413 5 1.3957234664836413 5 5.638932496075353 5.638932496075353 10 10 0.32326660156394466 0.32326660156394466 34 
637 20 18.361067503924648 1.3812382557636114 4 1.3812382557636114 4 5.591836734693878 5.591836734693878 10 10 0.3279853770645532 0.3279853770645532 32 
637 20 18.31397174254317 1.3576938279561088 5 1.3576938279561088 5 5.642072213500785 5.648351648351649 11 12 0.32956014706725584 0.3298164588999224 35 
637 20 18.09105180533752 1.3910858210092796 5 1.3910858210092796 5 5.664050235478807 5.664050235478807 10 10 0.3276420401026441 0.3276420401026441 30 
637 20 18.370486656200942 1.385377387658279 5 1.385377387658279 5 5.588697017268446 5.588697017268446 10 10 0.3209806286586284 0.3209806286586284 31 
637 20 18.09105180533752 1.3787847796014516 5 1.3787847796014516 5 5.645211930926217 5.645211930926217 11 11 0.3357170976389256 0.3357170976389256 32 
637 20 18.618524332810047 1.3837697155280564 4 1.3837697155280564 4 5.660910518053376 5.660910518053376 11 11 0.3265096005105307 0.3265096005105307 32 
637 20 18.09105180533752 1.3711154906572427 4 1.3711154906572427 4 5.629513343799058 5.629513343799058 11 11 0.32735417865759914 0.32735417865759914 30 
637 20 18.235478806907377 1.406092046708352 5 1.406092046708352 5 5.554160125588697 5.557299843014129 10 10 0.32274216916195514 0.3229078764705196 32 
637 20 18.364207221350078 1.401012117390012 5 1.401012117390012 5 5.610675039246468 5.610675039246468 11 11 0.3252318462226009 0.3252318462226009 33 
637 20 18.100470957613815 1.367448270436919 4 1.367448270436919 4 5.660910518053376 5.664050235478807 10 10 0.3298896104782474 0.3300814820986904 29 
637 20 18.80690737833595 1.3918177437808186 5 1.3918177437808186 5 5.594976452119309 5.594976452119309 11 11 0.32757751593172885 0.32757751593172885 38 
637 20 18.784929356357928 1.4073444087771079 4 1.4073444087771079 4 5.591836734693878 5.594976452119309 10 10 0.32413319472254687 0.32430816349548114 34 
637 20 18.103610675039246 1.3700644611300432 5 1.3700644611300432 5 5.65149136577708 5.65149136577708 11 11 0.33041470458804156 0.33041470458804156 33 
637 20 18.150706436420723 1.4174567158270552 4 1.4174567158270552 4 5.620094191522763 5.620094191522763 10 10 0.32904832230259273 0.32904832230259273 30 
637 20 17.930926216640504 1.4044363841083072 5 1.4044363841083072 5 5.65149136577708 5.657770800627944 9 10 0.3331883962695299 0.33346790904684237 30 
637 20 18.248037676609105 1.3947288216101699 5 1.3947288216101699 5 5.6138147566719 5.6138147566719 10 10 0.3254683068744574 0.3254683068744574 31 
637 20 18.295133437990582 1.3797358112175873 4 1.3797358112175873 4 5.629513343799058 5.63265306122449 11 12 0.32964326585776615 0.32977276598726635 34 
637 20 18.48037676609105 1.399053289681025 4 1.399053289681025 4 5.676609105180534 5.676609105180534 11 11 0.3250555521625384 0.3250555521625384 31 
637 20 17.915227629513343 1.3794803181593356 5 1.3794803181593356 5 5.63265306122449 5.635792778649922 10 10 0.33471812221795594 0.33486202593328823 31 
637 20 17.883830455259027 1.389838936652893 5 1.389838936652893 5 5.620094191522763 5.620094191522763 10 10 0.3354571487041284 0.3354571487041284 36 
637 20 18.850863422291994 1.383006887112762 5 1.383006887112762 5 5.6828885400313975 5.6828885400313975 11 11 0.3264157371738985 0.3264157371738985 35 
637 20 18.18524332810047 1.3921773130049842 5 1.3921773130049842 5 5.610675039246468 5.610675039246468 10 10 0.3293963386580662 0.3293963386580662 31 
637 20 18.213500784929355 1.3813040092865259 4 1.3813040092865259 4 5.63265306122449 5.635792778649922 9 9 0.32713231403923504 0.3273316611773577 29 
637 20 18.53375196232339 1.3769728240739099 5 1.3769728240739099 5 5.572998430141287 5.572998430141287 11 11 0.3216807129446019 0.3216807129446019 32 
637 20 18.298273155416013 1.3815843272251844 5 1.3815843272251844 5 5.56043956043956 5.563579277864992 10 10 0.328187560637634 0.32830903779992754 32 
637 20 18.70957613814757 1.3616931131022911 4 1.3616931131022911 4 5.648351648351649 5.648351648351649 11 11 0.32938189594454037 0.32938189594454037 33 
637 20 18.260596546310833 1.4177114397465738 4 1.4177114397465738 4 5.657770800627944 5.660910518053376 11 11 0.33072248059722614 0.3308923191129293 31 
637 20 18.28885400313972 1.3808393874294398 4 1.3808393874294398 4 5.616954474097331 5.616954474097331 11 11 0.3242869440549695 0.3242869440549695 31 
637 20 17.880690737833596 1.3794003963209414 4 1.3794003963209414 4 5.607535321821036 5.607535321821036 11 11 0.3306793139399404 0.3306793139399404 30 
637 20 18.18210361067504 1.3689685051227687 4 1.3689685051227687 4 5.648351648351649 5.648351648351649 10 10 0.3321339977342412 0.3321339977342412 31 
637 20 18.040816326530614 1.3965975368926113 5 1.3965975368926113 5 5.6138147566719 5.616954474097331 10 10 0.33305982771944426 0.3332568295971184 32 
637 20 18.282574568288855 1.4066686099596892 5 1.4066686099596892 5 5.551020408163265 5.551020408163265 10 10 0.32128644129195877 0.32128644129195877 33 
637 20 17.78021978021978 1.4210832329783056 4 1.4210832329783056 4 5.588697017268446 5.588697017268446 11 11 0.3314168613119001 0.3314168613119001 30 
637 20 18.439560439560438 1.401882096453562 4 1.401882096453562 4 5.620094191522763 5.620094191522763 10 10 0.33093219800199036 0.33093219800199036 35 
637 20 18.24175824175824 1.3949725934496289 5 1.3949725934496289 5 5.626373626373627 5.626373626373627 12 12 0.33089663706933836 0.33089663706933836 32 
637 20 18.693877551020407 1.3696622901875406 5 1.3696622901875406 5 5.626373626373627 5.626373626373627 10 10 0.3259646341022023 0.3259646341022023 34 
637 20 18.125588697017267 1.391235897181156 5 1.391235897181156 5 5.648351648351649 5.648351648351649 10 10 0.32849426374407337 0.32849426374407337 33 
637 20 18.27315541601256 1.3694401006300316 5 1.3694401006300316 5 5.63265306122449 5.63265306122449 11 11 0.3283131317802173 0.3283131317802173 32 
637 20 17.802197802197803 1.4004111263577879 5 1.4004111263577879 5 5.676609105180534 5.679748822605966 9 10 0.33470784044174323 0.33490709173989563 29 
637 20 18.25431711145997 1.3874829435394054 5 1.3874829435394054 5 5.626373626373627 5.626373626373627 11 11 0.3323969530362218 0.3323969530362218 35 
637 20 18.86656200941915 1.4328077246407187 5 1.4328077246407187 5 5.65149136577708 5.654631083202512 10 10 0.3250652141018428 0.3251623958316776 40 
637 20 18.87912087912088 1.3836460464433353 5 1.3836460464433353 5 5.582417582417582 5.582417582417582 10 10 0.31794832242861326 0.31794832242861326 36 
637 20 18.574568288854003 1.4131833458385075 5 1.4131833458385075 5 5.601255886970173 5.601255886970173 10 10 0.32708597286336677 0.32708597286336677 34 
637 20 17.85557299843014 1.3943616893695756 4 1.3943616893695756 4 5.635792778649922 5.642072213500785 10 10 0.33621001443396614 0.33646564315898253 29 
637 20 18.445839874411302 1.3830588234307248 4 1.3830588234307248 4 5.670329670329671 5.673469387755102 10 11 0.3285866045668462 0.32884824768563214 33 
637 20 18.56828885400314 1.4021603905634212 4 1.4021603905634212 4 5.660910518053376 5.664050235478807 11 11 0.3328809497103313 0.3330248534256636 33 
637 20 17.896389324960754 1.37628892028403 4 1.37628892028403 4 5.601255886970173 5.601255886970173 10 10 0.3339403321527109 0.3339403321527109 31 
637 20 18.0 1.4172691239401223 5 1.4172691239401223 5 5.645211930926217 5.645211930926217 10 10 0.32993194137096193 0.32993194137096193 27 
637 20 18.27629513343799 1.3814167885024258 4 1.3814167885024258 4 5.6985871271585555 5.7017268445839875 11 11 0.33427834642843385 0.33458523610159635 37 
637 20 18.03767660910518 1.4129860814631074 5 1.4129860814631074 5 5.629513343799058 5.629513343799058 11 11 0.32814024212591325 0.32814024212591325 31 
637 20 18.226059654631083 1.4052307990379387 4 1.4052307990379387 4 5.598116169544741 5.598116169544741 10 10 0.3329725418662149 0.3329725418662149 33 
637 20 18.301412872841443 1.3703443767419343 5 1.3703443767419343 5 5.670329670329671 5.670329670329671 11 11 0.32943398877015295 0.32943398877015295 31 
637 20 18.665620094191524 1.3850759957896066 5 1.3850759957896066 5 5.620094191522763 5.623233908948195 11 11 0.32338448085856303 0.3235698114010364 33 
637 20 17.92464678178964 1.3482639602003135 5 1.3482639602003135 5 5.607535321821036 5.607535321821036 10 10 0.3337030158956104 0.3337030158956104 32 
637 20 18.543171114599687 1.3979645548124224 5 1.3979645548124224 5 5.569858712715855 5.572998430141287 10 10 0.3257468835688854 0.3258876506269457 36 
637 20 18.317111459968604 1.3877631056724706 5 1.3877631056724706 5 5.557299843014129 5.557299843014129 11 11 0.322694999282803 0.322694999282803 31 
637 20 18.09419152276295 1.38301166014709 5 1.38301166014709 5 5.638932496075353 5.638932496075353 10 10 0.3342931894076943 0.3342931894076943 32 
637 20 17.660910518053374 1.3815896502651108 5 1.3815896502651108 5 5.620094191522763 5.620094191522763 9 9 0.33701199799579745 0.33701199799579745 31 
637 20 18.266875981161697 1.353544289080772 4 1.353544289080772 4 5.610675039246468 5.610675039246468 10 10 0.3239587607117222 0.3239587607117222 30 
637 20 18.49607535321821 1.3851635052776805 5 1.3851635052776805 5 5.679748822605966 5.686028257456829 11 12 0.32818407827710977 0.3285112961123835 33 
637 20 18.55572998430141 1.3823904989338283 5 1.3823904989338283 5 5.610675039246468 5.610675039246468 11 11 0.3235313596623326 0.3235313596623326 33 
637 20 18.405023547880692 1.3829488457063512 5 1.3829488457063512 5 5.648351648351649 5.648351648351649 10 10 0.3279818393803104 0.3279818393803104 32 
637 20 18.21664050235479 1.422050162308789 5 1.422050162308789 5 5.598116169544741 5.598116169544741 11 11 0.3293683074678188 0.3293683074678188 30 
637 20 18.543171114599687 1.364356539661967 5 1.364356539661967 5 5.648351648351649 5.65149136577708 10 10 0.3250406046609338 0.3252573946736421 33 
637 20 18.536891679748823 1.380318520796934 5 1.380318520796934 5 5.642072213500785 5.645211930926217 11 11 0.32784062721255625 0.3279860457038394 38 
637 20 18.5149136577708 1.3644890296775387 4 1.3644890296775387 4 5.598116169544741 5.598116169544741 10 10 0.3229270502365985 0.3229270502365985 31 
637 20 18.42386185243328 1.3842762325404718 5 1.3842762325404718 5 5.629513343799058 5.629513343799058 10 10 0.32618834521361045 0.32618834521361045 31 
637 20 18.357927786499214 1.3641949718845068 5 1.3641949718845068 5 5.635792778649922 5.635792778649922 10 10 0.3270667458772828 0.3270667458772828 31 
637 20 18.244897959183675 1.3837850648653978 5 1.3837850648653978 5 5.594976452119309 5.598116169544741 11 11 0.32770352092873284 0.32784221145410436 36 
637 20 18.367346938775512 1.4177340036885515 5 1.4177340036885515 5 5.623233908948195 5.623233908948195 11 11 0.32621786133248337 0.32621786133248337 32 
637 20 18.44270015698587 1.389998969085563 4 1.389998969085563 4 5.604395604395604 5.607535321821036 10 11 0.3269560861032602 0.32711006746024907 38 
637 20 18.379905808477236 1.3891083577475738 5 1.3891083577475738 5 5.654631083202512 5.654631083202512 11 11 0.3284190040845899 0.3284190040845899 32 
637 20 18.229199372056517 1.426709115653753 5 1.426709115653753 5 5.620094191522763 5.620094191522763 9 9 0.33005262128472224 0.33005262128472224 33 
637 20 17.623233908948194 1.375531155025323 4 1.375531155025323 4 5.576138147566719 5.582417582417582 11 13 0.33665572230132135 0.33699780849079003 30 
637 20 18.392464678178964 1.4027498104608738 5 1.4027498104608738 5 5.645211930926217 5.648351648351649 10 11 0.32271434605708255 0.32286522492649694 34 
637 20 18.671899529042385 1.3906240723760892 5 1.3906240723760892 5 5.582417582417582 5.582417582417582 10 10 0.31973297173232595 0.31973297173232595 38 
637 20 18.078492935635794 1.3635359848960023 5 1.3635359848960023 5 5.598116169544741 5.598116169544741 9 9 0.3282701402256636 0.3282701402256636 31 
637 20 18.436420722135008 1.408721842849182 4 1.408721842849182 4 5.642072213500785 5.642072213500785 11 11 0.3264742846450413 0.3264742846450413 31 
637 20 17.98116169544741 1.4072712991430767 4 1.4072712991430767 4 5.664050235478807 5.664050235478807 10 10 0.3292943663218481 0.3292943663218481 34 
637 20 18.17896389324961 1.3909806017631339 5 1.3909806017631339 5 5.610675039246468 5.610675039246468 11 11 0.32460614234074875 0.32460614234074875 35 
637 20 17.92778649921507 1.438432271426419 4 1.438432271426419 4 5.610675039246468 5.6138147566719 11 12 0.3320125914776148 0.33213145220872037 31 
637 20 18.18524332810047 1.4166137118635014 4 1.4166137118635014 4 5.65149136577708 5.65149136577708 11 11 0.3346975473270765 0.3346975473270765 35 
637 20 17.488226059654632 1.3624783126207742 4 1.3624783126207742 4 5.547880690737833 5.547880690737833 9 9 0.33306955368302055 0.33306955368302055 27 
637 20 18.320251177394034 1.3695896347775516 5 1.3695896347775516 5 5.629513343799058 5.629513343799058 10 10 0.3267115074793616 0.3267115074793616 29 
637 20 17.497645211930926 1.3797522299121272 4 1.3797522299121272 4 5.616954474097331 5.616954474097331 11 11 0.3372227040528384 0.3372227040528384 27 
637 20 18.226059654631083 1.368596091076733 5 1.368596091076733 5 5.607535321821036 5.607535321821036 10 10 0.32833331120548487 0.32833331120548487 34 
637 20 18.244897959183675 1.3964960866032963 5 1.3964960866032963 5 5.645211930926217 5.648351648351649 10 10 0.3315022974581464 0.3317067748535002 32 
637 20 17.89010989010989 1.3750080395751783 4 1.3750080395751783 4 5.660910518053376 5.660910518053376 9 9 0.33097385527315537 0.33097385527315537 28 
637 20 18.941915227629515 1.4093367070726808 4 1.4093367070726808 4 5.65149136577708 5.65149136577708 11 11 0.3198379294120799 0.3198379294120799 35 
637 20 17.74882260596546 1.3899172727411697 4 1.3899172727411697 4 5.686028257456829 5.686028257456829 11 11 0.33346243845485535 0.33346243845485535 30 
637 20 18.508634222919937 1.3748894558124576 5 1.3748894558124576 5 5.648351648351649 5.648351648351649 10 10 0.32711584104143393 0.32711584104143393 32 
637 20 18.298273155416013 1.3615354182871342 5 1.3615354182871342 5 5.620094191522763 5.620094191522763 10 10 0.328421361995783 0.328421361995783 31 
637 20 18.087912087912088 1.3716124224990507 4 1.3716124224990507 4 5.594976452119309 5.594976452119309 11 11 0.3245836435350528 0.3245836435350528 28 
637 20 18.345368916797486 1.3688665332005856 5 1.3688665332005856 5 5.620094191522763 5.620094191522763 10 10 0.3234928929580634 0.3234928929580634 30 
637 20 18.753532182103612 1.3930153153517477 5 1.3930153153517477 5 5.616954474097331 5.620094191522763 10 10 0.32515831097255454 0.3253837265825856 36 
637 20 18.138147566718995 1.397891168339003 5 1.397891168339003 5 5.686028257456829 5.686028257456829 11 11 0.33077599871474 0.33077599871474 30 
637 20 18.03453689167975 1.3717511987067 5 1.3717511987067 5 5.63265306122449 5.635792778649922 11 11 0.3330740651867824 0.3331972387165493 29 
637 20 18.282574568288855 1.3797409412762258 4 1.3797409412762258 4 5.629513343799058 5.63265306122449 10 10 0.32949585682001054 0.32962759321548324 32 
637 20 18.505494505494507 1.3765931432795482 5 1.3765931432795482 5 5.588697017268446 5.588697017268446 10 10 0.3204169112224129 0.3204169112224129 30 
637 20 18.21664050235479 1.3779132738526298 4 1.3779132738526298 4 5.673469387755102 5.676609105180534 10 10 0.33150765529016246 0.3316687723685728 34 
637 20 18.260596546310833 1.388435215818691 4 1.388435215818691 4 5.626373626373627 5.629513343799058 10 11 0.32557382295589005 0.3257357925056147 29 
637 20 18.298273155416013 1.3862627606072027 4 1.3862627606072027 4 5.648351648351649 5.648351648351649 11 11 0.32792058181140166 0.32792058181140166 33 
637 20 18.66248037676609 1.380134899160372 5 1.380134899160372 5 5.566718995290424 5.566718995290424 10 10 0.327979013624745 0.327979013624745 35 
637 20 18.70957613814757 1.3976330211258328 5 1.3976330211258328 4 5.686028257456829 5.689167974882261 10 10 0.32943924090303406 0.3295435561333997 36 
637 20 18.58712715855573 1.382116217142318 4 1.382116217142318 4 5.648351648351649 5.648351648351649 10 10 0.32625394627077675 0.32625394627077675 32 
637 20 18.332810047095762 1.362984601852116 5 1.362984601852116 5 5.6828885400313975 5.6828885400313975 10 10 0.33693013203060884 0.33693013203060884 34 
637 20 18.16640502354788 1.400969421519325 4 1.400969421519325 4 5.648351648351649 5.65149136577708 10 11 0.3315751857013445 0.3317179001297732 29 
637 20 18.474097331240188 1.3658433428817243 5 1.3658433428817243 5 5.620094191522763 5.620094191522763 10 10 0.3263149223686065 0.3263149223686065 33 
637 20 18.31397174254317 1.3825435277299283 4 1.3825435277299283 4 5.620094191522763 5.620094191522763 10 10 0.3261339468078905 0.3261339468078905 29 
637 20 18.42386185243328 1.3726361413557557 4 1.3726361413557557 4 5.660910518053376 5.660910518053376 11 11 0.3318229596851719 0.3318229596851719 35 
637 20 18.16640502354788 1.4217984008993916 4 1.4217984008993916 4 5.610675039246468 5.6138147566719 11 11 0.3246920045800177 0.32484041559277443 30 
637 20 17.896389324960754 1.3844293106598675 4 1.3844293106598675 4 5.638932496075353 5.638932496075353 11 11 0.33078694109900525 0.33078694109900525 31 
637 20 18.210361067503925 1.369834335592451 4 1.369834335592451 4 5.579277864992151 5.582417582417582 10 10 0.3253546038740416 0.3255648528087803 30 
637 20 17.83045525902669 1.4035220446369225 5 1.4035220446369225 5 5.635792778649922 5.635792778649922 12 12 0.3355060855092735 0.3355060855092735 36 
637 20 18.01883830455259 1.3729222975706992 5 1.3729222975706992 5 5.579277864992151 5.579277864992151 9 9 0.3283311389989126 0.3283311389989126 34 
