12 107 14 236 8 8 1 62 0 
12 260 9 111 4 4 1 29 1 
12 238 19 367 7 7 1 57 2 
12 197 8 99 5 5 1 33 3 
12 238 16 260 5 5 1 44 4 
12 110 8 86 4 4 1 28 5 
12 52 11 144 4 4 1 34 6 
12 362 12 209 4 4 1 33 7 
12 201 10 135 6 6 1 47 8 
12 165 9 111 5 5 1 37 9 
12 37 12 206 4 4 1 36 10 
12 37 9 137 5 5 1 41 11 
12 306 7 77 3 3 1 23 12 
12 210 12 181 7 7 1 53 13 
12 172 18 329 4 4 1 34 14 
12 134 9 110 6 6 1 46 15 
12 53 13 167 5 5 1 44 16 
12 140 11 140 8 8 1 63 17 
12 378 12 156 6 6 1 44 18 
12 151 16 333 6 6 1 47 19 
12 382 9 107 7 7 1 54 20 
12 48 12 160 6 6 1 47 21 
12 231 14 209 6 6 1 44 22 
12 123 7 67 4 4 1 27 23 
12 95 12 199 5 5 1 41 24 
12 225 10 131 5 5 1 40 25 
12 317 9 100 5 5 1 41 26 
12 297 10 163 5 5 1 41 27 
12 41 19 349 3 3 1 26 28 
12 284 8 89 7 7 1 52 29 
12 356 10 128 4 4 1 33 30 
12 174 14 247 6 6 1 49 31 
12 81 8 86 4 4 1 31 32 
12 118 17 251 6 6 1 48 33 
12 44 10 126 4 4 1 27 34 
12 86 13 186 6 6 1 47 35 
12 180 14 212 5 5 1 41 36 
12 189 13 183 8 8 1 60 37 
12 246 11 148 5 5 1 38 38 
12 43 8 77 3 3 1 23 39 
12 377 12 144 5 5 1 37 40 
12 334 15 226 6 6 1 51 41 
12 345 13 209 7 7 1 55 42 
12 233 10 139 4 4 1 34 43 
12 283 16 255 4 4 1 35 44 
12 232 10 124 4 4 1 33 45 
12 49 13 208 5 5 1 41 46 
12 364 11 151 4 4 1 31 47 
12 195 11 161 5 5 1 42 48 
12 83 15 204 5 5 1 34 49 
12 6 11 140 4 4 1 33 50 
12 200 15 225 6 6 1 47 51 
12 159 8 104 3 3 1 23 52 
12 65 12 187 4 4 1 36 53 
12 9 8 104 5 5 1 39 54 
12 167 9 102 5 5 1 33 55 
12 67 11 137 5 5 1 41 56 
12 112 12 196 5 5 1 38 57 
12 65 12 180 3 3 1 26 58 
12 333 17 321 6 6 1 46 59 
12 153 9 133 4 4 1 33 60 
12 348 13 162 5 5 1 38 61 
12 32 16 280 6 6 1 49 62 
12 59 8 91 5 5 1 32 63 
12 310 17 259 4 4 1 35 64 
12 217 11 141 5 5 1 41 65 
12 276 12 177 6 6 1 46 66 
12 67 14 191 8 8 1 61 67 
12 198 16 249 7 7 1 57 68 
12 359 13 203 6 6 1 48 69 
12 115 11 149 5 5 1 42 70 
12 309 12 199 6 6 1 51 71 
12 123 14 205 5 5 1 43 72 
12 318 17 294 6 6 1 46 73 
12 205 14 209 5 5 1 40 74 
12 130 14 207 5 5 1 40 75 
12 169 15 241 6 6 1 46 76 
12 196 5 48 4 4 1 29 77 
12 129 12 151 6 6 1 44 78 
12 365 13 208 7 7 1 56 79 
12 234 10 125 6 6 1 48 80 
12 369 14 175 8 8 1 62 81 
12 95 14 177 8 8 1 60 82 
12 330 12 155 5 5 1 46 83 
12 290 14 252 7 7 1 55 84 
12 161 13 210 6 6 1 46 85 
12 326 11 131 6 6 1 46 86 
12 95 15 231 4 4 1 33 87 
12 291 10 146 3 3 1 22 88 
12 135 10 155 4 4 1 27 89 
12 222 14 224 7 7 1 48 90 
12 341 12 179 5 5 1 40 91 
12 359 11 157 5 5 1 44 92 
12 339 12 170 6 6 1 47 93 
12 127 10 129 6 6 1 42 94 
12 235 12 190 7 7 1 57 95 
12 182 10 153 4 4 1 28 96 
12 288 14 235 8 8 1 61 97 
12 67 10 122 4 4 1 32 98 
12 62 14 240 5 5 1 45 99 
12 193 9 116 7 7 1 50 100 
12 331 9 122 5 5 1 41 101 
12 11 14 233 4 4 1 36 102 
12 88 11 150 4 4 1 33 103 
12 338 10 117 5 5 1 37 104 
12 55 10 166 3 3 1 24 105 
12 62 7 72 6 6 1 43 106 
12 334 11 154 5 5 1 39 107 
12 116 10 118 6 6 1 49 108 
12 189 13 219 6 6 1 50 109 
12 153 15 228 8 8 1 62 110 
12 280 13 183 6 6 1 48 111 
12 206 11 164 4 4 1 34 112 
12 256 13 173 4 4 1 35 113 
12 349 11 138 4 4 1 33 114 
12 280 9 111 5 5 1 41 115 
12 89 20 402 6 6 1 47 116 
12 253 12 166 5 5 1 36 117 
12 155 9 107 8 8 1 62 118 
12 6 9 121 4 4 1 34 119 
12 214 9 109 5 5 1 41 120 
12 72 11 136 7 7 1 54 121 
12 333 10 124 5 5 1 41 122 
12 242 13 165 3 3 1 26 123 
12 190 8 67 7 7 1 43 124 
12 181 11 137 6 6 1 46 125 
12 34 16 224 5 5 1 46 126 
12 6 10 139 5 5 1 44 127 
12 295 9 134 5 5 1 38 128 
12 125 12 158 6 6 1 45 129 
12 27 12 164 4 4 1 34 130 
12 88 10 140 5 5 1 34 131 
12 226 18 329 6 6 1 49 132 
12 176 16 277 5 5 1 40 133 
12 360 11 134 3 3 1 24 134 
12 50 7 93 5 5 1 44 135 
12 132 7 75 6 6 1 50 136 
12 208 12 185 6 6 1 41 137 
12 65 8 83 5 5 1 36 138 
12 296 13 186 6 6 1 46 139 
12 18 7 72 4 4 1 26 140 
12 22 19 375 6 6 1 51 141 
12 314 11 161 6 6 1 51 142 
12 45 11 162 5 5 1 40 143 
12 32 9 124 6 6 1 44 144 
12 262 12 171 6 6 1 46 145 
12 114 11 145 7 7 1 56 146 
12 146 11 124 5 5 1 41 147 
12 196 13 201 4 4 1 34 148 
12 240 11 148 7 7 1 52 149 
12 309 6 79 3 3 1 23 150 
12 215 16 253 5 5 1 45 151 
12 54 13 195 6 6 1 48 152 
12 128 10 124 4 4 1 30 153 
12 313 18 310 5 5 1 44 154 
12 271 8 120 4 4 1 27 155 
12 250 10 139 6 6 1 53 156 
12 217 7 77 4 4 1 34 157 
12 170 8 105 5 5 1 35 158 
12 331 5 56 5 5 1 38 159 
12 284 10 136 4 4 1 35 160 
12 49 16 262 7 7 1 56 161 
12 120 16 256 7 7 1 56 162 
12 22 13 203 6 6 1 47 163 
12 132 10 125 5 5 1 41 164 
12 285 11 145 5 5 1 36 165 
12 133 11 171 6 6 1 49 166 
12 116 17 255 7 7 1 54 167 
12 145 5 56 4 4 1 29 168 
12 170 14 212 5 5 1 38 169 
12 130 8 97 6 6 1 41 170 
12 260 13 211 6 6 1 44 171 
12 172 7 70 5 5 1 35 172 
12 307 15 245 5 5 1 39 173 
12 174 14 201 6 6 1 49 174 
12 294 20 387 5 5 1 39 175 
12 260 11 141 5 5 1 40 176 
12 231 11 164 3 3 1 22 177 
12 233 12 152 6 6 1 50 178 
12 262 10 139 5 5 1 42 179 
12 335 10 127 6 6 1 44 180 
12 66 15 273 5 5 1 39 181 
12 36 8 100 3 3 1 24 182 
12 247 13 169 6 6 1 47 183 
12 331 12 139 8 8 1 59 184 
12 227 9 130 5 5 1 38 185 
12 250 11 152 4 4 1 34 186 
12 20 13 195 7 7 1 54 187 
12 250 14 208 8 8 1 62 188 
12 38 5 55 3 3 1 20 189 
12 129 11 133 4 4 1 32 190 
12 128 14 251 5 5 1 41 191 
12 369 10 148 6 6 1 48 192 
12 231 8 95 5 5 1 32 193 
12 6 17 314 7 7 1 58 194 
12 7 6 76 3 3 1 23 195 
12 233 14 240 6 6 1 44 196 
12 305 8 97 4 4 1 32 197 
12 36 8 88 3 3 1 22 198 
12 138 15 228 5 5 1 39 199 
12 277 11 163 6 6 1 48 200 
12 162 5 49 3 3 1 25 201 
12 129 9 93 6 6 1 42 202 
12 382 13 160 6 6 1 46 203 
12 299 15 257 6 6 1 47 204 
12 76 14 223 6 6 1 50 205 
12 267 9 119 4 4 1 32 206 
12 143 11 137 6 6 1 47 207 
12 154 13 202 6 6 1 48 208 
12 26 12 175 6 6 1 44 209 
12 272 7 79 5 5 1 40 210 
12 183 11 158 5 5 1 39 211 
12 141 11 156 5 5 1 34 212 
12 329 8 124 5 5 1 40 213 
12 365 15 262 8 8 1 63 214 
12 164 8 106 5 5 1 37 215 
12 38 17 304 5 5 1 39 216 
12 211 9 126 4 4 1 36 217 
12 2 10 135 6 6 1 41 218 
12 6 13 182 8 8 1 61 219 
12 235 11 134 5 5 1 36 220 
12 30 9 92 4 4 1 30 221 
12 137 13 203 5 5 1 39 222 
12 249 1 11 1 1 1 8 223 
12 337 9 112 5 5 1 38 224 
12 285 10 133 7 7 1 55 225 
12 138 12 215 4 4 1 37 226 
12 200 9 119 4 4 1 38 227 
12 94 9 89 6 6 1 42 228 
12 252 9 108 7 7 1 53 229 
12 379 14 235 6 6 1 49 230 
12 263 9 118 6 6 1 50 231 
12 103 7 89 6 6 1 41 232 
12 289 10 131 5 5 1 39 233 
12 329 13 186 7 7 1 55 234 
12 219 18 379 7 7 1 55 235 
12 270 8 87 5 5 1 35 236 
12 330 12 193 7 7 1 55 237 
12 282 11 176 5 5 1 42 238 
12 25 10 135 5 5 1 40 239 
12 208 12 189 7 7 1 58 240 
12 293 12 159 5 5 1 40 241 
12 360 11 131 5 5 1 38 242 
12 122 12 183 6 6 1 46 243 
12 87 17 308 5 5 1 42 244 
12 181 14 194 4 4 1 32 245 
12 3 16 266 6 6 1 49 246 
12 143 13 215 4 4 1 30 247 
12 194 15 237 7 7 1 53 248 
12 84 11 155 6 6 1 41 249 
12 59 17 337 5 5 1 42 250 
12 379 8 99 5 5 1 35 251 
12 48 14 215 5 5 1 44 252 
12 175 8 100 5 5 1 41 253 
12 348 11 154 6 6 1 46 254 
12 374 16 250 6 6 1 49 255 
12 353 9 115 5 5 1 41 256 
12 4 11 116 6 6 1 44 257 
12 283 6 52 6 6 1 46 258 
12 206 11 142 6 6 1 48 259 
12 99 11 148 5 5 1 41 260 
12 28 14 191 6 6 1 45 261 
12 230 6 62 4 4 1 29 262 
12 221 9 134 6 6 1 42 263 
12 63 18 295 5 5 1 42 264 
12 273 11 124 4 4 1 33 265 
12 119 11 178 6 6 1 52 266 
12 30 10 122 4 4 1 26 267 
12 230 19 328 6 6 1 49 268 
12 307 13 190 7 7 1 54 269 
12 355 9 123 8 8 1 60 270 
12 196 13 215 6 6 1 47 271 
12 18 15 247 5 5 1 40 272 
12 157 8 111 4 4 1 29 273 
12 235 9 130 4 4 1 34 274 
12 5 9 113 4 4 1 30 275 
12 134 13 191 6 6 1 47 276 
12 104 13 213 6 6 1 51 277 
12 207 6 76 4 4 1 29 278 
12 348 13 229 7 7 1 45 279 
12 173 14 233 5 5 1 44 280 
12 109 11 153 4 4 1 32 281 
12 354 14 207 4 4 1 30 282 
12 104 11 146 5 5 1 41 283 
12 180 13 213 6 6 1 50 284 
12 275 12 157 5 5 1 39 285 
12 37 15 255 6 6 1 49 286 
12 29 16 278 5 5 1 45 287 
12 9 10 119 7 7 1 54 288 
12 200 7 70 4 4 1 28 289 
12 82 11 139 7 7 1 59 290 
12 381 11 158 5 5 1 35 291 
12 113 9 120 7 7 1 52 292 
12 184 10 120 6 6 1 45 293 
12 82 9 113 5 5 1 43 294 
12 261 12 166 5 5 1 39 295 
12 34 13 226 4 4 1 35 296 
12 123 13 195 5 5 1 41 297 
12 296 10 122 4 4 1 27 298 
12 112 9 105 4 4 1 28 299 
12 226 12 164 5 5 1 40 300 
12 22 11 155 6 6 1 48 301 
12 155 9 119 6 6 1 42 302 
12 116 16 247 9 9 1 67 303 
12 186 15 282 6 6 1 48 304 
12 152 9 111 4 4 1 30 305 
12 324 13 187 5 5 1 39 306 
12 241 14 223 5 5 1 44 307 
12 84 7 89 4 4 1 31 308 
12 211 10 124 5 5 1 40 309 
12 341 6 77 5 5 1 41 310 
12 224 9 127 6 6 1 48 311 
12 314 9 130 5 5 1 44 312 
12 198 11 155 5 5 1 35 313 
12 273 7 77 4 4 1 31 314 
12 305 13 197 8 8 1 64 315 
12 144 10 129 4 4 1 29 316 
12 196 14 193 6 6 1 48 317 
12 316 8 124 4 4 1 34 318 
12 65 10 139 6 6 1 47 319 
12 102 9 116 3 3 1 23 320 
12 316 16 281 8 8 1 58 321 
12 230 14 220 5 5 1 38 322 
12 182 9 108 5 5 1 41 323 
12 58 7 78 5 5 1 36 324 
12 256 10 153 5 5 1 36 325 
12 360 10 129 5 5 1 42 326 
12 165 12 157 7 7 1 46 327 
12 65 12 175 4 4 1 35 328 
12 62 9 107 5 5 1 40 329 
12 278 15 253 5 5 1 44 330 
12 186 13 182 9 9 1 70 331 
12 113 12 165 5 5 1 43 332 
12 88 9 108 3 3 1 25 333 
12 7 8 96 4 4 1 34 334 
12 208 15 213 6 6 1 48 335 
12 239 14 205 8 8 1 58 336 
12 359 7 71 5 5 1 43 337 
12 225 21 416 6 6 1 51 338 
12 273 8 84 4 4 1 31 339 
12 303 12 193 6 6 1 48 340 
12 247 17 302 6 6 1 48 341 
12 56 7 89 5 5 1 40 342 
12 84 11 161 6 6 1 47 343 
12 269 14 193 7 7 1 58 344 
12 247 10 133 5 5 1 39 345 
12 257 17 307 6 6 1 49 346 
12 307 11 183 4 4 1 35 347 
12 228 10 142 4 4 1 32 348 
12 286 5 48 5 5 1 34 349 
12 261 12 169 5 5 1 42 350 
12 323 15 216 6 6 1 48 351 
12 94 10 135 5 5 1 41 352 
12 31 14 211 6 6 1 49 353 
12 265 7 90 5 5 1 43 354 
12 83 14 218 5 5 1 43 355 
12 259 18 293 7 7 1 51 356 
12 258 9 125 5 5 1 44 357 
12 306 7 93 4 4 1 30 358 
12 339 10 136 3 3 1 23 359 
12 174 8 85 4 4 1 29 360 
12 250 12 157 7 7 1 52 361 
12 261 11 150 5 5 1 37 362 
12 40 11 160 5 5 1 44 363 
12 289 10 145 6 6 1 46 364 
12 244 15 259 5 5 1 43 365 
12 155 13 226 5 5 1 40 366 
12 123 13 177 8 8 1 62 367 
12 120 12 188 5 5 1 38 368 
12 228 17 274 6 6 1 50 369 
12 52 19 383 6 6 1 50 370 
12 16 11 196 4 4 1 31 371 
12 360 15 245 5 5 1 41 372 
12 202 11 142 6 6 1 45 373 
12 133 13 171 6 6 1 46 374 
12 116 23 412 7 7 1 57 375 
12 361 10 124 5 5 1 35 376 
12 293 12 177 7 7 1 50 377 
12 242 9 135 4 4 1 34 378 
12 270 5 43 4 4 1 25 379 
12 76 13 201 7 7 1 49 380 
12 334 16 236 5 5 1 38 381 
12 147 13 179 3 3 1 28 382 
12 101 20 358 6 6 1 45 383 
12 334 14 214 7 7 1 51 384 
12 169 12 192 4 4 1 33 385 
12 41 14 220 5 5 1 41 386 
12 132 13 181 5 5 1 38 387 
12 378 9 116 6 6 1 47 388 
12 256 4 35 3 3 1 20 389 
12 6 14 272 3 3 1 27 390 
12 254 8 113 3 3 1 23 391 
12 316 9 115 4 4 1 29 392 
12 77 15 212 9 9 1 66 393 
12 270 13 202 5 5 1 38 394 
12 348 11 158 3 3 1 21 395 
12 136 13 182 5 5 1 45 396 
12 30 13 214 7 7 1 53 397 
12 85 7 75 4 4 1 30 398 
12 362 19 298 7 7 1 57 399 
12 61 11 153 4 4 1 36 400 
12 102 10 135 5 5 1 42 401 
12 43 11 144 5 5 1 41 402 
12 183 10 126 6 6 1 46 403 
12 213 14 187 6 6 1 52 404 
12 285 12 165 6 6 1 45 405 
12 128 12 169 5 5 1 42 406 
12 239 12 185 4 4 1 30 407 
12 114 17 263 5 5 1 39 408 
12 119 10 139 3 3 1 25 409 
12 250 12 173 6 6 1 50 410 
12 344 11 155 6 6 1 46 411 
12 294 15 242 4 4 1 32 412 
12 7 15 236 6 6 1 51 413 
12 371 11 185 6 6 1 45 414 
12 276 11 172 6 6 1 53 415 
12 344 12 164 5 5 1 38 416 
12 323 11 150 5 5 1 41 417 
12 60 6 67 3 3 1 21 418 
12 147 11 157 4 4 1 35 419 
12 283 15 224 5 5 1 41 420 
12 333 13 175 5 5 1 40 421 
12 13 11 177 7 7 1 59 422 
12 337 13 178 6 6 1 43 423 
12 266 17 278 6 6 1 44 424 
12 97 19 313 6 6 1 47 425 
12 27 14 249 7 7 1 52 426 
12 52 9 125 3 3 1 23 427 
12 205 16 272 5 5 1 45 428 
12 227 12 169 7 7 1 58 429 
12 227 10 113 5 5 1 36 430 
12 73 23 481 6 6 1 49 431 
12 112 14 276 4 4 1 32 432 
12 62 12 152 7 7 1 56 433 
12 378 14 234 4 4 1 33 434 
12 206 15 221 8 8 1 63 435 
12 9 15 224 6 6 1 52 436 
12 305 11 138 6 6 1 48 437 
12 255 11 157 5 5 1 41 438 
12 192 14 252 4 4 1 36 439 
12 79 7 66 5 5 1 35 440 
12 338 13 213 5 5 1 43 441 
12 299 7 83 4 4 1 32 442 
12 23 11 158 5 5 1 40 443 
12 84 13 200 6 6 1 49 444 
12 255 19 372 5 5 1 43 445 
12 6 9 123 5 5 1 41 446 
12 267 13 174 6 6 1 48 447 
12 21 11 160 9 9 1 64 448 
12 218 13 204 6 6 1 50 449 
12 379 15 221 5 5 1 43 450 
12 361 17 293 4 4 1 36 451 
12 85 9 123 4 4 1 31 452 
12 93 10 107 6 6 1 43 453 
12 101 18 348 5 5 1 41 454 
12 94 12 166 6 6 1 44 455 
12 341 10 122 5 5 1 37 456 
12 368 12 208 3 3 1 25 457 
12 13 7 69 4 4 1 26 458 
12 288 9 112 5 5 1 41 459 
12 3 14 206 7 7 1 55 460 
12 381 13 201 7 7 1 56 461 
12 49 12 162 4 4 1 29 462 
12 86 8 113 3 3 1 28 463 
12 363 13 190 5 5 1 42 464 
12 34 18 376 8 8 1 64 465 
12 55 11 159 6 6 1 47 466 
12 93 8 106 4 4 1 31 467 
12 67 14 217 4 4 1 36 468 
12 253 11 148 7 7 1 50 469 
12 169 8 94 4 4 1 29 470 
12 34 7 66 6 6 1 44 471 
12 117 17 273 5 5 1 47 472 
12 73 12 161 7 7 1 56 473 
12 98 12 150 5 5 1 39 474 
12 318 14 215 5 5 1 38 475 
12 83 9 106 4 4 1 30 476 
12 103 15 236 5 5 1 38 477 
12 207 13 163 8 8 1 64 478 
12 13 11 135 5 5 1 39 479 
12 381 10 149 7 7 1 53 480 
12 278 7 85 3 3 1 20 481 
12 146 10 158 6 6 1 47 482 
12 139 13 203 4 4 1 38 483 
12 339 15 228 7 7 1 57 484 
12 364 15 203 7 7 1 56 485 
12 126 11 145 4 4 1 31 486 
12 320 12 161 5 5 1 42 487 
12 198 18 340 6 6 1 48 488 
12 377 11 131 7 7 1 55 489 
12 85 7 89 6 6 1 43 490 
12 187 20 348 7 7 1 56 491 
12 189 10 111 6 6 1 45 492 
12 105 14 224 4 4 1 36 493 
12 123 12 181 4 4 1 33 494 
12 59 9 126 5 5 1 41 495 
12 203 9 114 6 6 1 47 496 
12 66 12 147 5 5 1 41 497 
12 207 16 262 7 7 1 57 498 
12 294 10 125 5 5 1 37 499 
12 167 12 193 5 5 1 41 500 
12 57 12 154 6 6 1 48 501 
12 6 7 95 4 4 1 31 502 
12 91 11 135 5 5 1 35 503 
12 339 12 194 5 5 1 44 504 
12 308 11 145 6 6 1 44 505 
12 90 15 212 7 7 1 53 506 
12 334 15 253 6 6 1 47 507 
12 194 9 115 3 3 1 21 508 
12 280 19 292 5 5 1 40 509 
12 301 10 143 7 7 1 56 510 
12 166 10 105 6 6 1 45 511 
12 153 16 218 6 6 1 51 512 
12 214 12 175 4 4 1 33 513 
12 351 10 124 6 6 1 46 514 
12 127 10 146 5 5 1 39 515 
12 373 12 183 7 7 1 51 516 
12 133 9 129 7 7 1 51 517 
12 293 12 156 7 7 1 52 518 
12 74 10 144 5 5 1 40 519 
12 359 15 203 5 5 1 38 520 
12 278 6 69 4 4 1 30 521 
12 11 13 208 6 6 1 48 522 
12 295 13 230 5 5 1 39 523 
12 192 10 145 5 5 1 38 524 
12 306 14 221 4 4 1 38 525 
12 338 17 283 4 4 1 33 526 
12 156 9 108 4 4 1 32 527 
12 126 8 103 5 5 1 37 528 
12 233 10 154 4 4 1 31 529 
12 327 9 125 5 5 1 38 530 
12 363 15 225 6 6 1 46 531 
12 251 10 138 5 5 1 41 532 
12 212 14 239 5 5 1 40 533 
12 322 9 122 5 5 1 41 534 
12 115 20 401 4 4 1 38 535 
12 263 7 91 5 5 1 37 536 
12 215 13 202 6 6 1 50 537 
12 382 18 360 4 4 1 35 538 
12 296 17 271 6 6 1 48 539 
12 286 11 147 5 5 1 39 540 
12 220 9 116 7 7 1 56 541 
12 220 12 191 5 5 1 42 542 
12 267 10 132 8 8 1 59 543 
12 110 8 76 5 5 1 37 544 
12 296 16 297 5 5 1 36 545 
12 359 15 252 8 8 1 60 546 
12 186 15 281 5 5 1 37 547 
12 34 10 130 6 6 1 45 548 
12 121 14 222 7 7 1 57 549 
12 353 8 103 5 5 1 38 550 
12 126 13 204 7 7 1 53 551 
12 358 15 238 9 9 1 68 552 
12 23 13 163 6 6 1 49 553 
12 11 19 324 7 7 1 56 554 
12 34 6 73 4 4 1 28 555 
12 99 19 407 7 7 1 57 556 
12 250 10 141 6 6 1 45 557 
12 205 10 130 7 7 1 54 558 
12 185 12 168 6 6 1 48 559 
12 135 6 64 2 2 1 14 560 
12 42 8 82 4 4 1 26 561 
12 357 16 234 7 7 1 56 562 
12 350 12 174 4 4 1 37 563 
12 244 9 119 5 5 1 37 564 
12 347 15 247 5 5 1 42 565 
12 47 11 160 5 5 1 39 566 
12 5 11 155 6 6 1 43 567 
12 294 15 199 7 7 1 55 568 
12 18 12 206 4 4 1 37 569 
12 149 12 157 6 6 1 51 570 
12 285 7 83 4 4 1 29 571 
12 246 12 184 5 5 1 36 572 
12 221 10 117 4 4 1 32 573 
12 148 16 263 4 4 1 35 574 
12 350 9 115 5 5 1 37 575 
12 301 14 206 5 5 1 38 576 
12 6 10 139 6 6 1 44 577 
12 379 27 610 8 8 1 67 578 
12 63 6 53 5 5 1 35 579 
12 283 9 116 5 5 1 35 580 
12 206 12 177 4 4 1 32 581 
12 214 11 165 5 5 1 37 582 
12 151 13 203 6 6 1 48 583 
12 348 10 127 6 6 1 47 584 
12 265 15 260 8 8 1 58 585 
12 266 9 95 6 6 1 47 586 
12 221 10 150 4 4 1 33 587 
12 54 15 262 7 7 1 55 588 
12 2 18 294 6 6 1 49 589 
12 369 19 326 4 4 1 32 590 
12 20 6 74 4 4 1 32 591 
12 99 13 211 6 6 1 48 592 
12 263 15 260 5 5 1 39 593 
12 244 14 252 3 3 1 23 594 
12 161 18 343 5 5 1 43 595 
12 179 14 210 6 6 1 52 596 
12 329 6 83 4 4 1 31 597 
12 36 12 186 4 4 1 31 598 
12 73 16 260 7 7 1 54 599 
12 222 14 187 10 10 1 76 600 
12 91 16 245 6 6 1 51 601 
12 267 9 109 6 6 1 42 602 
12 42 13 161 5 5 1 38 603 
12 369 13 181 6 6 1 49 604 
12 264 10 143 5 5 1 41 605 
12 323 17 285 4 4 1 33 606 
12 366 11 139 5 5 1 40 607 
12 248 12 156 5 5 1 40 608 
12 175 10 132 6 6 1 55 609 
12 168 9 112 4 4 1 28 610 
12 59 10 137 5 5 1 41 611 
12 306 9 107 5 5 1 34 612 
12 26 12 203 5 5 1 41 613 
12 177 13 210 4 4 1 34 614 
12 254 8 92 4 4 1 32 615 
12 200 5 52 4 4 1 29 616 
12 21 9 129 4 4 1 34 617 
12 319 7 80 4 4 1 28 618 
12 255 12 171 5 5 1 38 619 
12 120 18 312 5 5 1 44 620 
12 261 7 95 5 5 1 35 621 
12 156 12 182 7 7 1 57 622 
12 196 17 302 5 5 1 43 623 
12 331 17 309 5 5 1 39 624 
12 340 13 177 6 6 1 46 625 
12 218 12 180 5 5 1 42 626 
12 193 16 272 4 4 1 35 627 
12 372 6 71 5 5 1 40 628 
12 58 7 81 5 5 1 34 629 
12 276 16 264 4 4 1 35 630 
12 136 11 128 8 8 1 61 631 
12 35 11 174 6 6 1 49 632 
12 308 19 354 6 6 1 49 633 
12 266 13 178 7 7 1 56 634 
12 167 20 405 7 7 1 56 635 
12 274 14 217 6 6 1 46 636 
12 147 15 258 5 5 1 41 637 
12 66 19 332 6 6 1 52 638 
12 236 13 160 9 9 1 64 639 
12 179 11 158 5 5 1 35 640 
12 1 19 348 6 6 1 53 641 
12 98 8 98 6 6 1 48 642 
12 78 9 117 8 8 1 62 643 
12 13 9 101 4 4 1 29 644 
12 88 9 104 6 6 1 48 645 
12 107 17 315 6 6 1 47 646 
12 326 10 123 6 6 1 47 647 
12 223 15 273 7 7 1 48 648 
12 249 13 195 3 3 1 26 649 
12 1 12 199 4 4 1 30 650 
12 232 15 247 5 5 1 45 651 
12 173 4 39 4 4 1 29 652 
12 291 7 98 6 6 1 44 653 
12 171 13 203 5 5 1 42 654 
12 351 14 199 7 7 1 54 655 
12 375 7 87 4 4 1 28 656 
12 230 17 288 6 6 1 52 657 
12 349 10 120 5 5 1 33 658 
12 126 6 61 5 5 1 36 659 
12 145 8 110 7 7 1 49 660 
12 57 16 261 5 5 1 44 661 
12 167 9 109 4 4 1 35 662 
12 214 15 234 7 7 1 56 663 
12 50 14 183 5 5 1 41 664 
12 365 13 198 6 6 1 44 665 
12 344 8 101 6 6 1 42 666 
12 244 9 124 4 4 1 33 667 
12 3 13 174 5 5 1 41 668 
12 227 12 172 7 7 1 57 669 
12 15 16 230 6 6 1 51 670 
12 99 10 125 5 5 1 35 671 
12 20 7 101 6 6 1 52 672 
12 283 11 137 5 5 1 41 673 
12 158 16 303 6 6 1 47 674 
12 263 9 118 5 5 1 37 675 
12 114 14 218 4 4 1 31 676 
12 215 10 121 7 7 1 52 677 
12 138 11 165 6 6 1 49 678 
12 322 11 143 5 5 1 41 679 
12 257 13 208 6 6 1 49 680 
12 209 12 176 5 5 1 44 681 
12 307 7 89 5 5 1 40 682 
12 216 11 156 5 5 1 43 683 
12 297 13 216 6 6 1 51 684 
12 13 18 315 4 4 1 35 685 
12 318 8 102 5 5 1 40 686 
12 278 15 232 6 6 1 53 687 
12 129 14 216 5 5 1 39 688 
12 321 13 221 5 5 1 45 689 
12 140 16 252 5 5 1 41 690 
12 262 10 131 6 6 1 47 691 
12 352 11 154 7 7 1 59 692 
12 26 12 165 4 4 1 36 693 
12 280 7 97 6 6 1 50 694 
12 303 12 164 6 6 1 53 695 
12 165 13 185 4 4 1 35 696 
12 250 10 121 4 4 1 31 697 
12 148 10 128 5 5 1 35 698 
12 185 12 152 5 5 1 41 699 
12 344 13 206 7 7 1 53 700 
12 130 10 141 8 8 1 60 701 
12 11 14 219 5 5 1 43 702 
12 113 14 211 8 8 1 64 703 
12 114 9 105 5 5 1 36 704 
12 201 14 227 8 8 1 65 705 
12 315 14 211 6 6 1 47 706 
12 130 9 148 4 4 1 30 707 
12 37 8 97 4 4 1 28 708 
12 48 13 221 6 6 1 50 709 
12 155 13 217 6 6 1 48 710 
12 279 13 189 5 5 1 36 711 
12 85 14 233 6 6 1 50 712 
12 293 10 130 5 5 1 39 713 
12 260 6 81 5 5 1 41 714 
12 248 14 200 7 7 1 60 715 
12 351 10 118 6 6 1 43 716 
12 379 6 64 4 4 1 27 717 
12 179 17 309 6 6 1 52 718 
12 1 15 225 6 6 1 49 719 
12 184 10 136 6 6 1 44 720 
12 364 19 325 8 8 1 65 721 
12 322 9 116 5 5 1 34 722 
12 284 11 149 8 8 1 60 723 
12 277 13 209 7 7 1 54 724 
12 120 7 98 5 5 1 39 725 
12 260 16 299 4 4 1 34 726 
12 364 14 187 5 5 1 37 727 
12 144 7 74 4 4 1 29 728 
12 283 18 368 6 6 1 49 729 
12 134 10 142 4 4 1 36 730 
12 23 13 200 6 6 1 47 731 
12 92 17 280 6 6 1 49 732 
12 59 10 131 6 6 1 45 733 
12 338 10 133 7 7 1 51 734 
12 8 14 241 5 5 1 38 735 
12 261 10 135 5 5 1 36 736 
12 6 18 330 5 5 1 42 737 
12 125 13 208 5 5 1 41 738 
12 304 17 284 5 5 1 45 739 
12 269 9 119 6 6 1 49 740 
12 131 15 237 8 8 1 62 741 
12 188 14 280 5 5 1 40 742 
12 111 12 159 8 8 1 62 743 
12 39 12 187 8 8 1 62 744 
12 22 14 182 6 6 1 46 745 
12 279 8 88 5 5 1 39 746 
12 137 10 138 5 5 1 42 747 
12 145 8 101 7 7 1 58 748 
12 49 17 305 5 5 1 45 749 
12 176 12 140 4 4 1 33 750 
12 362 14 218 6 6 1 45 751 
12 182 8 100 5 5 1 38 752 
12 228 15 258 7 7 1 52 753 
12 335 9 111 4 4 1 27 754 
12 296 10 117 4 4 1 31 755 
12 235 14 236 7 7 1 55 756 
12 148 8 98 4 4 1 34 757 
12 161 14 217 6 6 1 45 758 
12 222 11 148 4 4 1 27 759 
12 97 16 264 5 5 1 44 760 
12 40 19 334 6 6 1 47 761 
12 226 11 160 7 7 1 54 762 
12 231 13 195 5 5 1 43 763 
12 325 12 169 5 5 1 40 764 
12 377 9 122 5 5 1 42 765 
12 248 9 114 6 6 1 44 766 
12 265 8 94 4 4 1 30 767 
12 2 11 163 6 6 1 48 768 
12 316 8 121 6 6 1 51 769 
12 258 19 412 6 6 1 47 770 
12 55 11 141 5 5 1 42 771 
12 29 12 188 5 5 1 40 772 
12 314 7 84 4 4 1 34 773 
12 135 19 363 6 6 1 51 774 
12 148 10 120 5 5 1 34 775 
12 83 14 230 6 6 1 48 776 
12 317 10 149 5 5 1 37 777 
12 91 2 14 2 2 1 13 778 
12 12 16 254 5 5 1 43 779 
12 319 10 137 5 5 1 41 780 
12 40 16 239 6 6 1 48 781 
12 151 9 137 6 6 1 51 782 
12 272 11 176 4 4 1 33 783 
12 1 11 131 5 5 1 40 784 
12 357 12 193 6 6 1 42 785 
12 167 7 73 6 6 1 38 786 
12 161 13 162 5 5 1 41 787 
12 40 10 127 4 4 1 30 788 
12 347 17 267 6 6 1 50 789 
12 150 7 78 5 5 1 42 790 
12 111 18 320 5 5 1 43 791 
12 81 7 76 6 6 1 45 792 
12 191 9 117 6 6 1 44 793 
12 50 15 252 5 5 1 41 794 
12 10 11 133 7 7 1 54 795 
12 213 4 36 3 3 1 21 796 
12 34 16 229 7 7 1 52 797 
12 20 7 87 4 4 1 33 798 
12 325 9 133 4 4 1 28 799 
12 116 11 146 5 5 1 42 800 
12 335 16 257 4 4 1 37 801 
12 293 16 244 5 5 1 43 802 
12 193 9 93 6 6 1 43 803 
12 234 15 231 6 6 1 46 804 
12 252 13 171 9 9 1 71 805 
12 47 9 120 6 6 1 40 806 
12 334 12 184 5 5 1 40 807 
12 295 14 187 5 5 1 45 808 
12 339 8 93 4 4 1 31 809 
12 238 11 171 6 6 1 46 810 
12 368 17 299 7 7 1 58 811 
12 85 8 99 5 5 1 41 812 
12 182 6 60 3 3 1 18 813 
12 160 11 144 6 6 1 44 814 
12 280 13 194 7 7 1 54 815 
12 300 13 184 7 7 1 56 816 
12 151 15 247 7 7 1 57 817 
12 221 6 52 4 4 1 26 818 
12 19 6 77 3 3 1 21 819 
12 230 22 475 4 4 1 32 820 
12 300 11 150 6 6 1 48 821 
12 41 13 155 7 7 1 53 822 
12 307 7 100 6 6 1 47 823 
12 35 13 179 5 5 1 43 824 
12 92 15 243 4 4 1 34 825 
12 219 12 179 5 5 1 42 826 
12 323 9 117 6 6 1 45 827 
12 305 12 169 5 5 1 39 828 
12 359 15 252 8 8 1 63 829 
12 366 9 108 4 4 1 32 830 
12 329 8 104 4 4 1 31 831 
12 372 21 385 5 5 1 42 832 
12 345 17 304 5 5 1 44 833 
12 376 15 220 7 7 1 58 834 
12 142 9 89 5 5 1 37 835 
12 265 15 252 4 4 1 32 836 
12 263 10 141 7 7 1 56 837 
12 336 10 133 7 7 1 54 838 
12 185 14 215 6 6 1 52 839 
12 348 5 60 5 5 1 44 840 
12 61 14 181 7 7 1 53 841 
12 309 12 160 5 5 1 37 842 
12 204 9 118 4 4 1 31 843 
12 277 14 217 5 5 1 43 844 
12 62 15 217 6 6 1 53 845 
12 225 15 255 6 6 1 48 846 
12 106 9 94 5 5 1 37 847 
12 6 11 163 6 6 1 44 848 
12 203 9 108 5 5 1 45 849 
12 321 12 186 6 6 1 46 850 
12 62 16 254 7 7 1 54 851 
12 379 10 127 5 5 1 36 852 
12 305 13 180 8 8 1 63 853 
12 23 11 178 4 4 1 34 854 
12 205 6 63 4 4 1 29 855 
12 211 11 154 6 6 1 49 856 
12 224 12 143 7 7 1 51 857 
12 338 16 274 5 5 1 40 858 
12 76 10 120 6 6 1 49 859 
12 189 8 108 5 5 1 38 860 
12 274 8 121 3 3 1 27 861 
12 89 11 172 6 6 1 51 862 
12 156 17 266 7 7 1 55 863 
12 276 14 196 6 6 1 47 864 
12 120 12 159 6 6 1 48 865 
12 5 6 57 5 5 1 36 866 
12 359 12 168 10 10 1 79 867 
12 357 17 266 6 6 1 46 868 
12 352 19 349 5 5 1 41 869 
12 326 13 179 6 6 1 47 870 
12 328 9 122 5 5 1 43 871 
12 65 14 227 5 5 1 39 872 
12 259 15 207 7 7 1 54 873 
12 206 6 77 6 6 1 46 874 
12 356 7 73 5 5 1 36 875 
12 232 11 172 3 3 1 26 876 
12 359 8 92 6 6 1 48 877 
12 127 19 315 6 6 1 48 878 
12 51 7 75 3 3 1 18 879 
12 124 10 149 5 5 1 45 880 
12 279 10 137 5 5 1 38 881 
12 308 13 167 7 7 1 52 882 
12 302 11 134 6 6 1 43 883 
12 51 9 93 4 4 1 32 884 
12 217 7 92 6 6 1 38 885 
12 208 8 102 5 5 1 40 886 
12 227 10 112 5 5 1 36 887 
12 248 13 179 5 5 1 39 888 
12 373 11 156 4 4 1 32 889 
12 120 17 345 5 5 1 43 890 
12 15 10 143 5 5 1 42 891 
12 18 10 139 6 6 1 47 892 
12 101 12 186 4 4 1 29 893 
12 303 9 96 6 6 1 42 894 
12 16 18 303 7 7 1 60 895 
12 77 10 122 8 8 1 61 896 
12 118 18 301 5 5 1 40 897 
12 237 15 223 5 5 1 40 898 
12 193 11 144 5 5 1 37 899 
12 314 11 157 5 5 1 38 900 
12 21 13 214 6 6 1 48 901 
12 254 8 99 4 4 1 33 902 
12 377 8 86 6 6 1 47 903 
12 8 9 103 5 5 1 41 904 
12 124 10 141 4 4 1 30 905 
12 232 9 100 4 4 1 28 906 
12 334 9 99 6 6 1 41 907 
12 124 10 119 3 3 1 26 908 
12 122 11 150 7 7 1 52 909 
12 144 11 147 6 6 1 48 910 
12 364 7 82 4 4 1 29 911 
12 269 9 111 6 6 1 42 912 
12 28 15 257 4 4 1 33 913 
12 362 13 196 4 4 1 30 914 
12 274 12 153 4 4 1 34 915 
12 29 12 143 6 6 1 41 916 
12 310 5 46 4 4 1 29 917 
12 197 11 165 4 4 1 34 918 
12 166 9 97 6 6 1 45 919 
12 124 14 227 5 5 1 38 920 
12 26 7 89 3 3 1 22 921 
12 20 12 185 5 5 1 39 922 
12 359 10 141 3 3 1 23 923 
12 333 13 197 5 5 1 40 924 
12 145 13 165 7 7 1 51 925 
12 358 7 83 4 4 1 29 926 
12 58 19 344 6 6 1 46 927 
12 15 14 233 5 5 1 39 928 
12 45 11 133 6 6 1 48 929 
12 292 20 353 7 7 1 53 930 
12 194 16 273 7 7 1 55 931 
12 76 12 208 5 5 1 40 932 
12 166 13 192 5 5 1 39 933 
12 332 13 181 7 7 1 55 934 
12 75 11 142 7 7 1 55 935 
12 296 10 135 6 6 1 46 936 
12 281 11 177 6 6 1 45 937 
12 141 8 92 3 3 1 24 938 
12 216 10 133 4 4 1 35 939 
12 15 17 271 8 8 1 73 940 
12 6 6 70 5 5 1 37 941 
12 118 12 177 6 6 1 44 942 
12 113 16 261 5 5 1 40 943 
12 23 9 129 4 4 1 35 944 
12 150 8 90 6 6 1 43 945 
12 191 14 225 5 5 1 44 946 
12 65 17 329 5 5 1 40 947 
12 268 14 236 4 4 1 33 948 
12 230 14 198 6 6 1 50 949 
12 3 11 151 5 5 1 40 950 
12 238 20 388 6 6 1 48 951 
12 90 15 244 6 6 1 46 952 
12 322 12 156 6 6 1 40 953 
12 44 11 153 4 4 1 30 954 
12 156 13 186 4 4 1 34 955 
12 154 12 189 4 4 1 33 956 
12 205 16 296 4 4 1 37 957 
12 84 13 226 5 5 1 42 958 
12 157 8 88 4 4 1 28 959 
12 155 7 92 5 5 1 38 960 
12 266 8 69 5 5 1 36 961 
12 344 10 128 5 5 1 41 962 
12 103 12 177 6 6 1 49 963 
12 284 13 218 5 5 1 34 964 
12 52 6 68 4 4 1 34 965 
12 183 13 195 5 5 1 36 966 
12 68 15 250 4 4 1 34 967 
12 237 13 171 5 5 1 41 968 
12 146 19 371 4 4 1 34 969 
12 35 14 215 5 5 1 43 970 
12 30 11 160 3 3 1 22 971 
12 336 9 105 5 5 1 33 972 
12 293 11 141 5 5 1 42 973 
12 36 12 145 5 5 1 34 974 
12 356 10 137 3 3 1 24 975 
12 2 11 149 5 5 1 42 976 
12 157 8 106 4 4 1 30 977 
12 320 11 140 6 6 1 48 978 
12 254 11 185 6 6 1 44 979 
12 9 11 148 6 6 1 45 980 
12 159 15 298 7 7 1 54 981 
12 270 14 262 4 4 1 34 982 
12 316 13 191 6 6 1 48 983 
12 131 11 124 6 6 1 49 984 
12 83 13 205 5 5 1 37 985 
12 121 14 227 5 5 1 41 986 
12 34 15 216 6 6 1 46 987 
12 127 11 131 5 5 1 36 988 
12 84 15 253 5 5 1 42 989 
12 37 16 253 5 5 1 42 990 
12 189 12 181 4 4 1 33 991 
12 230 8 103 3 3 1 21 992 
12 61 9 106 5 5 1 35 993 
12 77 16 252 4 4 1 34 994 
12 16 11 175 6 6 1 43 995 
12 273 15 256 4 4 1 30 996 
12 215 4 46 4 4 1 31 997 
12 150 23 461 6 6 1 50 998 
12 62 15 288 6 6 1 53 999 
