16 442 13 199 4 4 1 38 0 
16 214 16 298 5 5 1 42 1 
16 42 16 262 5 5 1 40 2 
16 142 10 168 8 8 1 62 3 
16 272 10 123 4 4 1 34 4 
16 17 15 248 4 4 1 32 5 
16 256 15 260 7 7 1 56 6 
16 235 10 140 4 4 1 35 7 
16 358 12 169 7 7 1 57 8 
16 198 15 271 6 6 1 51 9 
16 501 17 344 6 6 1 50 10 
16 290 15 251 7 7 1 56 11 
16 346 14 264 5 5 1 41 12 
16 353 17 287 7 7 1 56 13 
16 141 11 138 6 6 1 42 14 
16 438 16 309 5 5 1 44 15 
16 118 23 443 5 5 1 45 16 
16 398 15 285 7 7 1 60 17 
16 135 11 209 4 4 1 33 18 
16 223 15 283 6 6 1 51 19 
16 6 13 203 6 6 1 46 20 
16 372 19 377 6 6 1 52 21 
16 95 22 457 5 5 1 41 22 
16 333 21 397 6 6 1 51 23 
16 475 11 146 6 6 1 45 24 
16 247 20 365 7 7 1 58 25 
16 291 16 267 5 5 1 41 26 
16 287 20 375 8 8 1 64 27 
16 6 20 384 5 5 1 43 28 
16 261 20 448 8 8 1 67 29 
16 313 16 252 4 4 1 36 30 
16 504 15 258 7 7 1 62 31 
16 43 16 309 5 5 1 45 32 
16 163 11 167 6 6 1 47 33 
16 156 14 235 5 5 1 40 34 
16 84 17 321 8 8 1 66 35 
16 403 15 237 6 6 1 54 36 
16 205 17 321 6 6 1 57 37 
16 131 17 344 6 6 1 47 38 
16 194 19 354 7 7 1 57 39 
16 273 12 178 8 8 1 61 40 
16 96 15 261 5 5 1 44 41 
16 285 8 100 4 4 1 38 42 
16 72 16 267 8 8 1 64 43 
16 252 20 423 4 4 1 36 44 
16 43 6 74 4 4 1 33 45 
16 439 9 149 5 5 1 39 46 
16 156 13 198 7 7 1 56 47 
16 11 13 195 5 5 1 39 48 
16 444 12 196 5 5 1 43 49 
16 144 12 227 4 4 1 29 50 
16 191 14 239 7 7 1 51 51 
16 416 17 372 6 6 1 48 52 
16 296 10 156 4 4 1 33 53 
16 160 14 223 7 7 1 53 54 
16 504 16 241 5 5 1 43 55 
16 196 18 322 9 9 1 71 56 
16 322 19 352 6 6 1 49 57 
16 248 13 215 7 7 2 55 58 
16 16 14 253 3 3 1 24 59 
16 223 13 189 10 10 1 74 60 
16 303 13 242 7 7 1 58 61 
16 271 14 223 5 5 1 43 62 
16 160 7 79 5 5 1 38 63 
16 336 23 540 7 7 1 57 64 
16 64 14 212 4 4 1 33 65 
16 339 18 358 6 6 1 54 66 
16 294 11 172 5 5 1 46 67 
16 122 16 336 6 6 1 45 68 
16 141 13 187 6 6 1 52 69 
16 269 16 282 8 8 1 61 70 
16 53 18 387 4 4 1 34 71 
16 462 21 452 7 7 1 57 72 
16 134 19 384 7 7 1 58 73 
16 232 13 206 6 6 1 48 74 
16 32 16 318 4 4 1 35 75 
16 127 11 160 5 5 1 40 76 
16 364 15 317 6 6 1 48 77 
16 343 13 216 5 5 1 45 78 
16 229 12 212 4 4 1 32 79 
16 48 17 359 4 4 1 36 80 
16 109 14 246 8 8 1 59 81 
16 303 14 260 6 6 1 50 82 
16 246 11 169 6 6 1 50 83 
16 447 16 310 6 6 1 49 84 
16 507 10 152 4 4 1 27 85 
16 62 16 334 7 7 1 53 86 
16 418 17 345 8 8 1 63 87 
16 162 13 225 3 3 1 28 88 
16 170 20 379 5 5 1 40 89 
16 275 10 191 6 6 1 46 90 
16 44 9 139 5 5 1 42 91 
16 60 16 275 5 5 1 43 92 
16 236 13 203 7 7 1 56 93 
16 283 15 290 8 8 1 65 94 
16 433 14 216 8 8 1 62 95 
16 450 20 432 6 6 1 50 96 
16 158 12 162 6 6 1 50 97 
16 132 20 359 7 7 1 58 98 
16 423 21 451 8 8 1 66 99 
16 489 16 293 7 7 1 61 100 
16 427 13 187 7 7 1 57 101 
16 174 13 194 5 5 1 43 102 
16 123 19 364 9 9 1 71 103 
16 111 23 444 9 9 1 78 104 
16 192 13 214 9 9 1 73 105 
16 203 18 333 6 6 1 48 106 
16 52 18 300 5 5 1 44 107 
16 457 13 200 6 6 1 50 108 
16 60 16 303 5 5 1 43 109 
16 321 17 342 5 5 1 46 110 
16 472 12 210 5 5 1 36 111 
16 186 12 224 4 4 1 32 112 
16 457 13 221 6 6 1 49 113 
16 176 17 293 6 6 1 48 114 
16 493 11 147 5 5 1 36 115 
16 402 11 158 5 5 1 44 116 
16 428 8 77 5 5 1 36 117 
16 377 21 448 6 6 1 55 118 
16 265 9 137 4 4 1 31 119 
16 385 16 326 7 7 1 59 120 
16 137 14 219 5 5 1 40 121 
16 136 14 232 5 5 1 41 122 
16 489 17 299 8 8 1 60 123 
16 214 11 161 6 6 1 46 124 
16 456 10 147 6 6 1 39 125 
16 363 16 279 4 4 1 39 126 
16 166 14 244 5 5 1 40 127 
16 373 15 294 6 6 1 52 128 
16 355 17 287 6 6 1 51 129 
16 406 19 406 4 4 1 36 130 
16 50 16 278 5 5 1 48 131 
16 448 16 333 7 7 1 54 132 
16 167 16 255 5 5 1 45 133 
16 103 14 270 7 7 1 58 134 
16 401 13 213 3 3 1 30 135 
16 249 15 260 8 8 1 61 136 
16 275 18 325 7 7 1 54 137 
16 154 16 378 4 4 1 35 138 
16 426 16 306 7 7 1 59 139 
16 184 14 222 8 8 1 64 140 
16 201 19 400 3 3 1 28 141 
16 260 11 142 6 6 1 45 142 
16 407 19 396 5 5 1 44 143 
16 91 17 294 5 5 1 42 144 
16 379 15 251 5 5 1 41 145 
16 217 19 366 6 6 1 48 146 
16 302 16 284 4 4 1 36 147 
16 395 11 193 6 6 1 46 148 
16 419 17 316 3 3 1 26 149 
16 303 15 248 7 7 1 58 150 
16 280 21 429 8 8 1 62 151 
16 199 12 187 6 6 1 42 152 
16 300 11 203 6 6 1 50 153 
16 85 14 255 4 4 1 33 154 
16 166 19 366 6 6 1 51 155 
16 247 19 307 6 6 1 50 156 
16 76 9 101 7 7 1 48 157 
16 179 15 307 6 6 1 49 158 
16 504 26 530 5 5 1 46 159 
16 69 17 333 5 5 1 40 160 
16 316 10 125 5 5 1 39 161 
16 155 15 261 5 5 1 45 162 
16 449 15 236 6 6 1 47 163 
16 234 17 277 7 7 1 55 164 
16 421 10 144 8 8 1 64 165 
16 160 15 256 7 7 1 57 166 
16 381 22 462 8 8 1 68 167 
16 9 19 418 6 6 1 48 168 
16 379 8 116 7 7 1 59 169 
16 465 14 242 5 5 1 42 170 
16 212 17 367 5 5 1 40 171 
16 406 12 157 5 5 1 43 172 
16 327 12 181 7 7 1 56 173 
16 442 22 558 7 7 1 56 174 
16 308 19 398 4 4 1 36 175 
16 340 26 697 4 4 1 36 176 
16 389 19 371 6 6 1 51 177 
16 350 17 353 5 5 1 39 178 
16 414 18 355 8 8 1 58 179 
16 285 15 271 5 5 1 38 180 
16 269 21 473 7 7 1 56 181 
16 79 16 304 6 6 1 51 182 
16 496 15 277 6 6 1 47 183 
16 507 7 91 5 5 1 34 184 
16 46 10 174 4 4 1 32 185 
16 412 23 529 4 4 1 34 186 
16 81 18 441 4 4 1 36 187 
16 105 12 221 8 8 1 61 188 
16 480 19 375 7 7 1 56 189 
16 346 13 224 8 8 1 64 190 
16 81 15 234 7 7 1 51 191 
16 410 19 389 7 7 1 56 192 
16 314 15 274 4 4 1 36 193 
16 489 19 411 7 7 1 53 194 
16 20 11 111 7 7 1 48 195 
16 182 22 443 6 6 1 50 196 
16 102 12 197 5 5 1 38 197 
16 66 17 285 7 7 1 52 198 
16 285 17 369 6 6 1 48 199 
16 303 13 204 7 7 1 58 200 
16 209 14 265 6 6 1 49 201 
16 431 15 318 7 7 1 55 202 
16 368 13 199 7 7 1 52 203 
16 493 11 197 4 4 1 32 204 
16 392 13 205 4 4 1 31 205 
16 468 20 430 6 6 1 50 206 
16 175 9 105 5 5 1 39 207 
16 340 11 158 6 6 1 41 208 
16 454 14 257 4 4 1 33 209 
16 375 12 170 4 4 1 31 210 
16 118 13 212 5 5 1 41 211 
16 327 14 204 6 6 1 50 212 
16 175 18 365 7 7 1 56 213 
16 451 15 256 5 5 1 43 214 
16 93 22 491 6 6 1 52 215 
16 475 21 437 6 6 1 48 216 
16 285 18 327 5 5 1 44 217 
16 333 20 397 4 4 1 32 218 
16 494 16 286 5 5 1 45 219 
16 228 14 196 5 5 1 42 220 
16 440 20 382 8 8 1 61 221 
16 160 20 457 6 6 1 51 222 
16 470 20 363 4 4 1 35 223 
16 173 16 297 6 6 1 46 224 
16 212 10 141 5 5 1 41 225 
16 443 14 266 7 7 1 53 226 
16 201 10 169 7 7 1 50 227 
16 244 13 218 5 5 1 39 228 
16 371 16 293 5 5 1 42 229 
16 293 14 221 5 5 1 44 230 
16 52 20 402 7 7 1 58 231 
16 79 9 150 6 6 1 47 232 
16 54 12 185 5 5 1 42 233 
16 274 15 241 6 6 1 51 234 
16 274 16 287 7 7 1 57 235 
16 257 18 374 8 8 1 60 236 
16 260 24 565 7 7 1 55 237 
16 185 9 136 4 4 1 36 238 
16 509 21 455 7 7 1 57 239 
16 456 17 352 5 5 1 37 240 
16 500 14 271 7 7 1 55 241 
16 454 15 280 6 6 1 50 242 
16 454 16 322 5 5 1 41 243 
16 35 23 532 5 5 1 44 244 
16 200 12 218 5 5 1 45 245 
16 284 13 208 7 7 1 56 246 
16 223 16 300 5 5 1 43 247 
16 268 18 350 4 4 1 32 248 
16 120 17 370 5 5 1 41 249 
16 175 9 112 6 6 1 47 250 
16 290 14 261 5 5 1 39 251 
16 137 12 190 6 6 1 49 252 
16 115 17 300 6 6 1 49 253 
16 206 23 555 6 6 1 52 254 
16 419 13 220 4 4 1 35 255 
16 25 16 280 5 5 1 47 256 
16 300 22 474 6 6 1 52 257 
16 302 19 317 7 7 1 60 258 
16 138 22 480 7 7 1 58 259 
16 178 20 413 7 7 1 56 260 
16 273 18 334 7 7 1 54 261 
16 189 24 578 5 5 1 45 262 
16 180 13 195 6 6 1 52 263 
16 90 16 273 5 5 1 44 264 
16 448 19 378 6 6 1 51 265 
16 215 14 192 8 8 1 59 266 
16 76 15 255 4 4 1 38 267 
16 178 14 237 5 5 1 42 268 
16 397 15 243 7 7 1 57 269 
16 493 19 362 6 6 1 52 270 
16 384 18 320 6 6 1 50 271 
16 386 23 569 6 6 1 49 272 
16 65 14 233 4 4 1 30 273 
16 63 16 262 6 6 1 49 274 
16 169 16 278 5 5 1 42 275 
16 165 17 303 8 8 1 65 276 
16 178 16 315 6 6 1 50 277 
16 456 15 292 6 6 1 52 278 
16 164 15 258 5 5 1 40 279 
16 504 17 293 4 4 1 35 280 
16 298 15 255 9 9 1 63 281 
16 324 19 383 4 4 1 37 282 
16 40 17 289 7 7 1 53 283 
16 467 8 105 7 7 1 49 284 
16 477 17 377 5 5 1 42 285 
16 340 17 318 5 5 1 43 286 
16 22 15 257 5 5 1 42 287 
16 509 20 417 6 6 1 52 288 
16 206 24 557 6 6 1 48 289 
16 399 15 305 4 4 1 34 290 
16 292 18 306 7 7 1 57 291 
16 28 11 172 6 6 1 47 292 
16 144 17 313 5 5 1 46 293 
16 201 12 197 5 5 1 40 294 
16 172 17 339 5 5 1 44 295 
16 226 8 123 5 5 1 38 296 
16 53 22 514 6 6 1 48 297 
16 445 17 328 5 5 1 45 298 
16 93 15 291 5 5 1 38 299 
16 124 15 263 5 5 1 46 300 
16 381 12 203 7 7 1 58 301 
16 402 10 130 6 6 1 50 302 
16 282 14 223 8 8 1 60 303 
16 478 17 301 6 6 1 49 304 
16 171 20 369 6 6 1 49 305 
16 29 18 429 7 7 1 55 306 
16 158 22 546 5 5 1 42 307 
16 235 17 355 4 4 1 31 308 
16 491 13 191 6 6 1 51 309 
16 188 12 211 6 6 1 52 310 
16 201 23 529 5 5 1 40 311 
16 227 15 275 6 6 1 48 312 
16 196 13 209 4 4 1 33 313 
16 309 13 194 6 6 1 46 314 
16 144 12 176 6 6 1 52 315 
16 308 16 258 7 7 1 58 316 
16 241 15 246 5 5 1 40 317 
16 97 9 123 4 4 1 31 318 
16 400 20 383 6 6 1 54 319 
16 109 20 426 8 8 1 67 320 
16 2 18 377 5 5 1 43 321 
16 130 20 385 5 5 1 42 322 
16 477 13 206 6 6 1 55 323 
16 206 16 273 6 6 1 46 324 
16 356 17 293 6 6 1 48 325 
16 470 11 137 7 7 1 50 326 
16 39 15 253 7 7 1 54 327 
16 368 22 438 7 7 1 59 328 
16 152 14 251 8 8 1 66 329 
16 319 14 257 6 6 1 47 330 
16 167 23 518 8 8 1 64 331 
16 247 25 589 8 8 1 64 332 
16 458 16 302 5 5 1 40 333 
16 441 12 196 7 7 1 54 334 
16 264 11 176 7 7 1 53 335 
16 266 17 316 6 6 1 52 336 
16 94 18 318 7 7 1 56 337 
16 143 17 279 6 6 1 51 338 
16 503 17 314 6 6 1 52 339 
16 390 9 153 3 3 1 24 340 
16 421 15 240 6 6 1 46 341 
16 48 16 340 5 5 1 44 342 
16 9 7 96 4 4 1 32 343 
16 350 11 164 5 5 1 38 344 
16 143 16 312 7 7 1 59 345 
16 267 22 497 7 7 1 55 346 
16 143 10 166 5 5 1 43 347 
16 193 9 120 6 6 1 47 348 
16 133 18 354 4 4 1 39 349 
16 12 16 347 4 4 1 35 350 
16 375 12 216 6 6 1 51 351 
16 13 16 292 8 8 1 64 352 
16 241 17 309 7 7 1 55 353 
16 500 17 319 6 6 1 49 354 
16 468 20 517 7 7 1 56 355 
16 366 17 337 6 6 1 48 356 
16 327 16 243 6 6 1 52 357 
16 503 12 206 5 5 1 43 358 
16 357 17 333 7 7 1 55 359 
16 44 20 430 5 5 1 41 360 
16 261 14 221 5 5 1 43 361 
16 46 21 411 6 6 1 55 362 
16 354 16 294 7 7 1 54 363 
16 368 21 425 7 7 1 58 364 
16 252 17 344 5 5 1 46 365 
16 11 12 191 6 6 1 45 366 
16 152 16 313 5 5 1 39 367 
16 170 17 307 6 6 1 47 368 
16 106 18 341 4 4 1 31 369 
16 402 15 318 5 5 1 45 370 
16 313 13 225 6 6 1 46 371 
16 293 13 206 6 6 1 48 372 
16 319 12 183 5 5 1 41 373 
16 174 14 261 4 4 1 34 374 
16 421 13 233 4 4 1 34 375 
16 194 11 185 7 7 1 53 376 
16 77 20 459 6 6 1 50 377 
16 207 14 244 5 5 1 46 378 
16 348 19 435 7 7 1 54 379 
16 225 18 338 6 6 1 47 380 
16 498 19 334 6 6 1 51 381 
16 187 21 459 7 7 1 58 382 
16 234 20 372 5 5 1 45 383 
16 439 19 367 7 7 1 59 384 
16 69 10 156 4 4 1 35 385 
16 10 14 219 6 6 1 48 386 
16 42 16 268 6 6 1 52 387 
16 390 11 168 6 6 1 52 388 
16 430 14 271 4 4 1 30 389 
16 480 16 306 4 4 1 30 390 
16 136 22 456 6 6 1 51 391 
16 238 14 215 4 4 1 33 392 
16 263 12 166 8 8 1 62 393 
16 263 19 390 7 7 1 54 394 
16 485 16 283 5 5 1 43 395 
16 242 17 298 7 7 1 58 396 
16 48 23 493 4 4 1 36 397 
16 23 13 216 6 6 1 55 398 
16 467 13 184 7 7 1 54 399 
16 342 13 174 8 8 1 60 400 
16 491 14 239 5 5 1 38 401 
16 432 24 544 7 7 1 57 402 
16 56 15 257 4 4 1 36 403 
16 480 20 470 8 8 1 65 404 
16 55 17 333 5 5 1 46 405 
16 151 13 202 5 5 1 41 406 
16 349 13 206 5 5 1 45 407 
16 319 11 157 6 6 1 49 408 
16 455 18 339 7 7 1 55 409 
16 384 25 517 5 5 1 43 410 
16 278 16 311 6 6 1 50 411 
16 270 14 205 8 8 1 60 412 
16 500 17 328 6 6 1 47 413 
16 106 15 280 4 4 1 30 414 
16 187 14 215 5 5 1 40 415 
16 508 15 287 9 9 1 73 416 
16 23 16 309 6 6 1 53 417 
16 86 22 465 7 7 1 57 418 
16 253 17 344 7 7 1 54 419 
16 261 10 141 5 5 1 36 420 
16 180 15 262 6 6 1 51 421 
16 381 13 195 5 5 1 44 422 
16 136 16 244 6 6 1 45 423 
16 1 14 282 5 5 1 37 424 
16 260 15 263 7 7 1 60 425 
16 315 11 169 5 5 1 42 426 
16 451 14 242 8 8 1 58 427 
16 180 12 208 3 3 1 24 428 
16 84 15 267 8 8 1 64 429 
16 489 14 243 4 4 1 34 430 
16 67 18 307 5 5 1 46 431 
16 474 16 316 7 7 1 53 432 
16 148 14 216 4 4 1 33 433 
16 152 18 311 6 6 1 54 434 
16 347 17 318 6 6 1 51 435 
16 180 13 209 5 5 1 42 436 
16 168 13 221 7 7 1 51 437 
16 352 14 204 5 5 1 41 438 
16 218 14 242 5 5 1 36 439 
16 155 15 278 6 6 1 48 440 
16 42 11 173 7 7 1 59 441 
16 290 15 264 5 5 1 46 442 
16 63 15 258 5 5 1 43 443 
16 20 18 369 5 5 1 42 444 
16 67 14 225 6 6 1 48 445 
16 339 12 199 5 5 1 41 446 
16 485 15 270 7 7 1 57 447 
16 342 21 487 5 5 1 41 448 
16 224 21 444 6 6 1 51 449 
16 300 22 408 8 8 1 64 450 
16 58 22 531 6 6 1 48 451 
16 219 20 423 5 5 1 41 452 
16 374 15 260 5 5 1 41 453 
16 174 12 186 6 6 1 44 454 
16 27 10 138 4 4 1 33 455 
16 133 10 131 5 5 1 37 456 
16 252 16 325 6 6 1 51 457 
16 490 14 246 6 6 1 52 458 
16 239 15 261 5 5 1 39 459 
16 431 20 447 7 7 1 55 460 
16 13 17 289 5 5 1 43 461 
16 91 13 201 8 8 1 61 462 
16 474 19 460 6 6 1 55 463 
16 344 12 201 6 6 1 48 464 
16 284 13 231 5 5 1 38 465 
16 186 9 117 4 4 1 30 466 
16 223 16 300 7 7 1 55 467 
16 33 14 231 4 4 1 30 468 
16 135 8 113 3 3 1 23 469 
16 365 15 266 5 5 1 41 470 
16 268 14 270 7 7 1 65 471 
16 229 14 251 8 8 1 62 472 
16 500 17 307 9 9 1 72 473 
16 136 12 188 6 6 1 44 474 
16 351 14 231 6 6 1 53 475 
16 3 18 330 5 5 1 41 476 
16 48 14 242 6 6 1 49 477 
16 316 13 245 4 4 1 32 478 
16 255 18 356 8 8 1 57 479 
16 489 17 312 7 7 1 55 480 
16 37 15 268 6 6 1 51 481 
16 425 14 189 7 7 1 55 482 
16 201 15 290 10 10 1 77 483 
16 202 16 303 7 7 1 59 484 
16 257 19 384 7 7 1 61 485 
16 25 20 392 7 7 1 56 486 
16 62 15 294 5 5 1 43 487 
16 362 12 193 6 6 1 45 488 
16 173 13 217 6 6 1 47 489 
16 269 11 167 6 6 1 47 490 
16 32 9 123 6 6 1 49 491 
16 103 19 382 5 5 1 41 492 
16 89 17 308 6 6 1 53 493 
16 381 11 188 6 6 1 44 494 
16 228 18 350 4 4 1 36 495 
16 4 17 294 6 6 1 52 496 
16 116 20 311 7 7 1 58 497 
16 164 15 248 5 5 1 40 498 
16 450 18 306 8 8 1 62 499 
16 25 18 393 9 9 1 72 500 
16 6 12 187 5 5 1 45 501 
16 142 14 225 5 5 1 41 502 
16 367 11 157 5 5 1 36 503 
16 429 10 160 5 5 1 43 504 
16 190 14 289 5 5 1 40 505 
16 482 12 185 7 7 1 50 506 
16 392 21 448 6 6 1 51 507 
16 476 16 278 8 8 1 62 508 
16 7 21 485 6 6 1 48 509 
16 202 16 287 5 5 1 41 510 
16 101 10 161 4 4 1 34 511 
16 309 13 214 6 6 1 51 512 
16 363 28 705 7 7 1 57 513 
16 257 15 289 7 7 1 58 514 
16 480 14 227 8 8 1 68 515 
16 69 12 204 5 5 1 40 516 
16 320 14 218 6 6 1 46 517 
16 179 19 412 5 5 1 42 518 
16 4 12 199 5 5 1 43 519 
16 208 26 699 4 4 1 36 520 
16 82 9 143 6 6 1 40 521 
16 466 11 148 4 4 1 32 522 
16 506 13 204 5 5 1 41 523 
16 344 22 544 6 6 1 49 524 
16 155 12 210 6 6 1 48 525 
16 131 11 143 4 4 1 34 526 
16 150 16 258 7 7 1 59 527 
16 187 19 339 5 5 1 46 528 
16 471 13 238 5 5 1 40 529 
16 282 15 269 5 5 1 43 530 
16 238 20 405 8 8 1 64 531 
16 179 16 301 4 4 1 32 532 
16 305 9 136 6 6 1 47 533 
16 100 15 319 7 7 1 54 534 
16 425 19 390 5 5 1 45 535 
16 199 6 92 4 4 1 40 536 
16 89 15 252 7 7 1 61 537 
16 337 19 401 5 5 1 41 538 
16 349 15 263 5 5 1 37 539 
16 308 17 334 5 5 1 42 540 
16 63 14 268 5 5 1 41 541 
16 440 18 389 6 6 1 48 542 
16 10 13 216 7 7 1 55 543 
16 228 10 164 5 5 1 42 544 
16 375 24 550 5 5 1 45 545 
16 7 18 345 7 7 1 56 546 
16 414 17 292 8 8 1 62 547 
16 5 17 332 6 6 1 51 548 
16 466 14 272 6 6 1 51 549 
16 503 16 300 7 7 1 59 550 
16 506 18 359 5 5 1 45 551 
16 167 17 293 6 6 1 50 552 
16 294 17 318 5 5 1 41 553 
16 56 17 315 7 7 1 55 554 
16 434 21 479 4 4 1 36 555 
16 291 15 291 7 7 1 54 556 
16 293 17 325 6 6 1 47 557 
16 117 14 259 5 5 1 44 558 
16 132 11 167 4 4 1 37 559 
16 402 23 476 6 6 1 50 560 
16 417 18 352 5 5 1 42 561 
16 317 16 289 7 7 1 60 562 
16 398 18 336 5 5 1 45 563 
16 483 14 242 5 5 1 44 564 
16 508 13 220 4 4 1 35 565 
16 62 12 186 5 5 1 39 566 
16 469 16 269 6 6 1 52 567 
16 253 13 231 8 8 1 59 568 
16 302 10 127 5 5 1 38 569 
16 159 20 398 7 7 1 58 570 
16 198 15 246 7 7 1 52 571 
16 174 16 267 6 6 1 49 572 
16 301 14 218 7 7 1 57 573 
16 309 10 171 6 6 1 43 574 
16 416 19 373 6 6 1 48 575 
16 128 21 454 4 4 1 35 576 
16 73 11 147 7 7 1 50 577 
16 322 15 270 7 7 1 56 578 
16 403 28 643 6 6 1 50 579 
16 85 20 380 7 7 1 59 580 
16 348 16 247 5 5 1 39 581 
16 299 7 91 6 6 1 45 582 
16 179 12 183 5 5 1 38 583 
16 467 12 172 4 4 1 32 584 
16 231 14 246 6 6 1 48 585 
16 97 11 153 5 5 1 43 586 
16 343 21 397 7 7 1 55 587 
16 52 13 214 5 5 1 38 588 
16 388 17 361 6 6 1 47 589 
16 404 16 329 4 4 1 36 590 
16 173 25 619 5 5 1 41 591 
16 192 17 273 4 4 1 34 592 
16 124 18 371 6 6 1 47 593 
16 352 22 512 5 5 1 44 594 
16 88 11 168 7 7 1 51 595 
16 156 26 596 8 8 1 64 596 
16 47 13 237 5 5 1 45 597 
16 311 23 489 5 5 1 40 598 
16 452 15 243 6 6 1 50 599 
16 363 16 258 5 5 1 39 600 
16 199 11 166 4 4 1 37 601 
16 251 16 262 5 5 1 44 602 
16 158 14 255 5 5 1 41 603 
16 181 9 132 5 5 1 36 604 
16 225 11 178 4 4 1 34 605 
16 83 17 314 6 6 1 47 606 
16 497 11 135 8 8 1 54 607 
16 301 15 226 5 5 1 43 608 
16 163 12 211 3 3 1 24 609 
16 16 19 386 5 5 1 41 610 
16 472 17 310 5 5 1 43 611 
16 260 19 422 8 8 1 64 612 
16 13 11 185 5 5 1 42 613 
16 89 15 264 7 7 1 55 614 
16 36 21 465 5 5 1 48 615 
16 468 24 497 7 7 1 59 616 
16 482 18 355 6 6 1 53 617 
16 79 23 550 5 5 1 43 618 
16 200 17 331 8 8 1 60 619 
16 121 14 229 5 5 1 39 620 
16 56 11 185 6 6 1 45 621 
16 378 13 212 6 6 1 51 622 
16 185 14 233 5 5 1 40 623 
16 112 20 453 5 5 1 44 624 
16 433 12 213 5 5 1 42 625 
16 501 9 152 5 5 1 43 626 
16 132 13 193 5 5 1 40 627 
16 310 13 227 6 6 1 48 628 
16 329 15 271 7 7 1 54 629 
16 179 11 178 6 6 1 47 630 
16 460 16 290 6 6 1 50 631 
16 41 12 172 4 4 1 29 632 
16 226 17 305 4 4 1 36 633 
16 291 12 168 4 4 1 31 634 
16 124 10 169 5 5 1 37 635 
16 231 11 165 5 5 1 41 636 
16 213 26 691 6 6 1 46 637 
16 469 14 246 4 4 1 33 638 
16 257 13 233 6 6 1 49 639 
16 160 13 210 4 4 1 36 640 
16 112 12 174 5 5 1 42 641 
16 51 16 278 7 7 1 57 642 
16 327 18 399 4 4 1 36 643 
16 312 29 794 4 4 1 37 644 
16 75 15 271 6 6 1 46 645 
16 236 16 306 5 5 1 39 646 
16 179 21 463 5 5 1 43 647 
16 64 14 243 3 3 1 25 648 
16 481 18 412 6 6 1 49 649 
16 232 15 267 5 5 1 42 650 
16 30 15 263 6 6 1 50 651 
16 204 15 277 9 9 1 71 652 
16 313 19 379 7 7 1 56 653 
16 115 15 250 5 5 1 42 654 
16 379 18 387 5 5 1 40 655 
16 282 15 285 8 8 1 63 656 
16 118 13 250 5 5 1 42 657 
16 357 14 213 6 6 1 46 658 
16 290 19 351 7 7 1 58 659 
16 63 21 443 5 5 1 40 660 
16 75 17 334 6 6 1 54 661 
16 294 12 187 5 5 1 41 662 
16 369 22 462 7 7 1 54 663 
16 476 14 255 5 5 1 41 664 
16 156 9 126 4 4 1 32 665 
16 393 22 440 6 6 1 52 666 
16 427 17 320 4 4 1 35 667 
16 117 21 504 5 5 1 44 668 
16 98 12 232 5 5 1 38 669 
16 314 21 357 8 8 1 65 670 
16 127 13 222 7 7 1 58 671 
16 389 17 278 6 6 1 47 672 
16 126 12 198 5 5 1 38 673 
16 387 18 366 6 6 1 49 674 
16 165 14 247 6 6 1 47 675 
16 488 19 357 6 6 1 49 676 
16 417 19 346 7 7 1 54 677 
16 213 12 200 6 6 1 50 678 
16 341 17 315 6 6 1 49 679 
16 224 19 389 6 6 1 51 680 
16 297 12 200 7 7 1 51 681 
16 479 11 194 6 6 1 50 682 
16 427 11 173 5 5 1 41 683 
16 318 19 401 4 4 1 34 684 
16 151 15 301 4 4 1 36 685 
16 399 14 245 6 6 1 51 686 
16 23 13 249 5 5 1 42 687 
16 500 11 160 6 6 1 47 688 
16 31 18 360 6 6 1 47 689 
16 489 13 212 6 6 1 50 690 
16 317 21 420 7 7 1 57 691 
16 396 13 192 6 6 1 49 692 
16 160 9 133 6 6 1 45 693 
16 23 21 426 7 7 1 56 694 
16 90 16 327 4 4 1 34 695 
16 403 19 384 5 5 1 43 696 
16 462 14 244 6 6 1 49 697 
16 503 15 252 5 5 1 41 698 
16 254 20 386 6 6 1 50 699 
16 45 15 255 6 6 1 53 700 
16 311 13 230 5 5 1 43 701 
16 244 15 259 7 7 1 57 702 
16 497 17 291 6 6 1 52 703 
16 170 14 233 5 5 1 39 704 
16 43 10 145 4 4 1 34 705 
16 179 12 189 6 6 1 48 706 
16 110 20 410 7 7 1 61 707 
16 41 16 303 6 6 1 48 708 
16 151 22 451 7 7 1 57 709 
16 275 16 273 7 7 1 56 710 
16 228 21 459 6 6 1 48 711 
16 147 14 232 6 6 1 44 712 
16 322 9 129 5 5 1 36 713 
16 320 19 368 6 6 1 49 714 
16 186 11 207 6 6 1 47 715 
16 244 15 261 7 7 1 58 716 
16 332 18 289 5 5 1 43 717 
16 73 12 198 6 6 1 46 718 
16 248 19 401 7 7 1 58 719 
16 319 16 269 6 6 1 49 720 
16 106 11 149 6 6 1 51 721 
16 279 20 444 4 4 1 33 722 
16 473 10 130 5 5 1 38 723 
16 296 9 133 7 7 1 55 724 
16 318 15 274 6 6 1 48 725 
16 171 15 246 8 8 1 68 726 
16 221 10 134 4 4 1 32 727 
16 353 19 421 6 6 1 48 728 
16 35 10 178 4 4 1 31 729 
16 336 14 264 6 6 1 48 730 
16 27 10 139 3 3 1 24 731 
16 205 13 211 6 6 1 52 732 
16 498 16 327 7 7 1 57 733 
16 181 13 202 5 5 1 38 734 
16 82 16 266 7 7 1 54 735 
16 191 20 415 5 5 1 42 736 
16 386 19 354 6 6 1 49 737 
16 155 18 314 4 4 1 38 738 
16 348 17 382 5 5 1 41 739 
16 491 24 606 6 6 1 52 740 
16 258 18 373 7 7 1 61 741 
16 288 16 315 6 6 1 53 742 
16 51 14 226 5 5 1 42 743 
16 139 18 366 4 4 1 34 744 
16 322 15 271 4 4 1 34 745 
16 415 14 217 6 6 1 45 746 
16 328 15 239 5 5 1 41 747 
16 416 11 160 5 5 1 41 748 
16 337 13 197 7 7 1 55 749 
16 294 15 253 4 4 1 40 750 
16 419 9 133 7 7 1 53 751 
16 339 27 598 7 7 1 53 752 
16 503 16 284 5 5 1 41 753 
16 248 19 392 7 7 1 55 754 
16 279 14 235 9 9 1 68 755 
16 249 19 373 7 7 1 57 756 
16 116 14 244 8 8 1 62 757 
16 325 11 162 6 6 1 50 758 
16 110 21 410 5 5 1 46 759 
16 340 9 108 4 4 1 27 760 
16 286 16 326 6 6 1 51 761 
16 502 13 180 8 8 1 59 762 
16 183 17 347 5 5 1 41 763 
16 81 18 359 8 8 1 62 764 
16 28 12 236 4 4 1 33 765 
16 243 11 187 4 4 1 29 766 
16 89 14 251 4 4 1 35 767 
16 296 27 645 6 6 1 53 768 
16 40 14 243 5 5 1 42 769 
16 249 13 236 7 7 1 61 770 
16 467 15 326 5 5 1 46 771 
16 337 24 568 5 5 1 41 772 
16 368 9 138 5 5 1 39 773 
16 109 17 319 6 6 1 49 774 
16 177 18 333 6 6 1 50 775 
16 451 12 207 6 6 1 45 776 
16 461 19 369 7 7 1 58 777 
16 317 18 329 5 5 1 45 778 
16 170 13 201 6 6 1 49 779 
16 133 23 497 4 4 1 40 780 
16 148 19 403 5 5 1 40 781 
16 279 14 213 5 5 1 46 782 
16 428 11 158 6 6 1 45 783 
16 198 17 358 6 6 1 48 784 
16 81 16 291 5 5 1 35 785 
16 360 12 191 9 9 1 70 786 
16 492 14 234 7 7 1 58 787 
16 70 19 417 5 5 1 40 788 
16 284 15 270 4 4 1 32 789 
16 488 16 273 5 5 1 46 790 
16 494 16 356 4 4 1 36 791 
16 443 8 113 4 4 1 28 792 
16 271 13 216 6 6 1 49 793 
16 257 19 388 6 6 1 48 794 
16 123 11 170 4 4 1 37 795 
16 164 15 258 4 4 1 36 796 
16 479 22 474 7 7 1 57 797 
16 14 14 253 6 6 1 47 798 
16 192 19 347 5 5 1 42 799 
16 110 10 152 5 5 1 42 800 
16 477 19 348 7 7 1 58 801 
16 38 16 295 3 3 1 28 802 
16 476 21 395 6 6 1 50 803 
16 477 4 43 3 3 1 18 804 
16 427 18 334 4 4 1 35 805 
16 52 21 406 6 6 1 48 806 
16 419 25 626 7 7 1 57 807 
16 242 15 240 5 5 1 40 808 
16 477 15 259 10 10 1 74 809 
16 261 6 77 4 4 1 34 810 
16 120 23 512 5 5 1 45 811 
16 369 18 379 7 7 1 54 812 
16 290 12 225 5 5 1 44 813 
16 153 16 238 4 4 1 35 814 
16 83 17 342 6 6 1 45 815 
16 425 15 230 8 8 1 60 816 
16 402 13 243 6 6 1 49 817 
16 71 12 188 8 8 1 64 818 
16 154 16 262 5 5 1 43 819 
16 175 15 250 6 6 1 51 820 
16 212 10 161 6 6 1 49 821 
16 459 16 286 5 5 1 40 822 
16 444 13 212 3 3 1 24 823 
16 189 13 230 5 5 1 40 824 
16 493 16 323 7 7 1 55 825 
16 365 26 614 8 8 1 66 826 
16 397 18 338 7 7 1 59 827 
16 326 16 279 8 8 1 62 828 
16 341 13 245 6 6 1 50 829 
16 157 14 227 7 7 2 54 830 
16 129 21 439 6 6 1 53 831 
16 46 10 158 6 6 1 47 832 
16 269 19 363 7 7 1 60 833 
16 246 13 213 5 5 1 43 834 
16 220 21 426 7 7 1 55 835 
16 185 9 108 7 7 1 52 836 
16 504 11 182 6 6 1 49 837 
16 79 15 267 6 6 1 51 838 
16 108 22 460 6 6 1 49 839 
16 254 24 576 5 5 1 42 840 
16 370 18 348 4 4 1 35 841 
16 426 15 236 5 5 1 44 842 
16 389 16 262 7 7 1 55 843 
16 292 16 300 6 6 1 48 844 
16 263 16 332 7 7 1 54 845 
16 320 12 161 6 6 1 46 846 
16 318 21 414 7 7 1 56 847 
16 168 19 345 6 6 1 49 848 
16 194 15 278 5 5 1 42 849 
16 487 21 470 7 7 1 56 850 
16 53 25 601 4 4 1 35 851 
16 171 21 411 6 6 1 50 852 
16 248 11 178 7 7 1 54 853 
16 140 16 307 10 10 1 74 854 
16 130 25 494 6 6 1 47 855 
16 182 14 256 4 4 1 33 856 
16 296 19 410 8 8 1 63 857 
16 164 12 189 7 7 1 53 858 
16 313 15 273 5 5 1 41 859 
16 379 17 370 5 5 1 44 860 
16 40 17 328 5 5 1 43 861 
16 379 15 259 8 8 1 60 862 
16 398 16 281 5 5 1 37 863 
16 489 15 288 6 6 1 50 864 
16 480 21 434 6 6 1 54 865 
16 223 9 154 7 7 1 57 866 
16 199 14 234 6 6 1 50 867 
16 217 14 245 6 6 1 48 868 
16 459 18 348 6 6 1 45 869 
16 211 18 322 6 6 1 51 870 
16 207 18 326 5 5 1 46 871 
16 318 23 538 6 6 1 53 872 
16 306 14 259 4 4 1 31 873 
16 445 14 239 7 7 1 54 874 
16 333 20 482 4 4 1 35 875 
16 360 20 446 3 3 1 24 876 
16 489 16 279 5 5 1 45 877 
16 231 17 343 5 5 1 43 878 
16 406 16 293 9 9 1 67 879 
16 342 15 261 6 6 1 53 880 
16 404 13 227 6 6 1 45 881 
16 230 26 617 6 6 1 51 882 
16 251 23 513 8 8 2 62 883 
16 350 17 313 6 6 1 51 884 
16 421 12 171 6 6 1 50 885 
16 232 14 206 5 5 1 43 886 
16 211 15 266 8 8 1 61 887 
16 429 19 420 7 7 1 54 888 
16 25 19 410 5 5 1 41 889 
16 90 17 355 7 7 1 56 890 
16 392 20 450 5 5 1 41 891 
16 428 10 148 7 7 1 44 892 
16 441 8 106 6 6 1 47 893 
16 224 21 387 5 5 1 49 894 
16 113 12 197 6 6 1 49 895 
16 205 11 152 5 5 1 39 896 
16 466 13 267 4 4 1 34 897 
16 257 20 352 7 7 1 56 898 
16 9 17 293 6 6 1 48 899 
16 348 16 289 6 6 1 49 900 
16 303 13 200 8 8 1 66 901 
16 98 23 513 8 8 1 64 902 
16 14 12 211 5 5 1 35 903 
16 486 12 204 7 7 1 52 904 
16 3 13 220 6 6 1 50 905 
16 21 19 340 6 6 1 50 906 
16 438 20 398 5 5 1 42 907 
16 82 17 313 6 6 1 54 908 
16 251 14 233 5 5 1 42 909 
16 348 17 338 6 6 1 48 910 
16 502 19 394 4 4 1 35 911 
16 34 11 156 6 6 1 45 912 
16 437 17 331 4 4 1 34 913 
16 366 20 443 7 7 1 57 914 
16 302 21 508 6 6 1 47 915 
16 236 10 164 5 5 1 42 916 
16 398 13 196 4 4 1 30 917 
16 417 21 411 4 4 1 38 918 
16 60 18 351 8 8 1 69 919 
16 417 9 141 6 6 1 45 920 
16 269 17 312 4 4 1 37 921 
16 426 16 309 5 5 1 42 922 
16 138 26 651 6 6 1 50 923 
16 23 17 262 7 7 1 56 924 
16 212 16 292 9 9 1 65 925 
16 274 15 298 6 6 1 56 926 
16 116 18 378 5 5 1 42 927 
16 9 11 187 6 6 1 49 928 
16 5 19 392 4 4 1 34 929 
16 423 16 251 7 7 1 54 930 
16 206 10 131 6 6 1 46 931 
16 31 13 198 7 7 1 53 932 
16 8 11 173 5 5 1 36 933 
16 150 15 240 6 6 1 50 934 
16 209 22 469 5 5 1 43 935 
16 182 27 742 5 5 1 44 936 
16 389 26 563 10 10 1 79 937 
16 479 11 168 4 4 1 34 938 
16 186 18 409 6 6 1 47 939 
16 205 14 262 8 8 1 63 940 
16 345 14 250 5 5 1 43 941 
16 166 19 422 5 5 1 42 942 
16 310 15 335 6 6 1 47 943 
16 59 15 220 9 9 1 66 944 
16 87 21 441 6 6 1 47 945 
16 485 17 281 7 7 1 59 946 
16 400 14 234 5 5 1 40 947 
16 257 11 168 4 4 1 33 948 
16 8 24 580 7 7 1 58 949 
16 137 19 341 6 6 1 49 950 
16 478 13 222 5 5 1 43 951 
16 504 14 206 6 6 1 49 952 
16 451 13 254 5 5 1 42 953 
16 97 16 276 4 4 1 39 954 
16 337 12 174 5 5 1 40 955 
16 227 18 317 5 5 1 42 956 
16 6 12 153 6 6 1 49 957 
16 32 11 163 5 5 1 41 958 
16 345 13 211 7 7 1 56 959 
16 498 12 188 4 4 1 30 960 
16 184 17 295 6 6 1 49 961 
16 388 16 279 7 7 1 57 962 
16 366 17 305 7 7 1 56 963 
16 116 17 307 5 5 1 43 964 
16 70 15 292 7 7 1 53 965 
16 238 18 351 4 4 1 35 966 
16 133 9 140 5 5 1 43 967 
16 133 10 130 7 7 1 55 968 
16 298 13 214 5 5 1 38 969 
16 236 21 454 6 6 1 46 970 
16 26 14 222 8 8 1 61 971 
16 401 13 167 7 7 1 51 972 
16 248 10 165 6 6 1 48 973 
16 164 18 354 8 8 1 65 974 
16 226 29 868 5 5 1 42 975 
16 378 10 145 7 7 1 53 976 
16 90 15 233 4 4 1 34 977 
16 322 19 335 6 6 1 47 978 
16 429 12 202 5 5 1 41 979 
16 210 10 138 5 5 1 35 980 
16 421 15 247 7 7 1 56 981 
16 317 18 316 11 11 1 80 982 
16 217 22 452 6 6 1 56 983 
16 326 14 242 7 7 1 60 984 
16 108 20 451 5 5 1 40 985 
16 387 26 698 6 6 1 48 986 
16 408 10 133 5 5 1 42 987 
16 169 16 260 5 5 1 47 988 
16 106 18 350 7 7 1 58 989 
16 54 8 123 3 3 1 25 990 
16 285 16 290 4 4 1 34 991 
16 79 15 257 6 6 1 44 992 
16 119 11 158 6 6 1 49 993 
16 364 18 313 6 6 1 50 994 
16 437 20 376 9 9 1 67 995 
16 45 16 311 5 5 2 43 996 
16 29 15 274 6 6 1 52 997 
16 335 15 208 8 8 1 62 998 
16 73 13 218 5 5 1 47 999 
