18 467 21 491 5 5 1 49 0 
18 492 21 448 6 6 1 47 1 
18 363 23 556 4 4 1 36 2 
18 132 14 269 5 5 1 41 3 
18 370 21 498 5 5 1 43 4 
18 474 15 311 6 6 1 49 5 
18 242 25 655 5 5 1 45 6 
18 177 25 614 7 7 1 54 7 
18 355 19 369 6 6 1 51 8 
18 25 20 383 6 6 1 47 9 
18 274 20 384 6 6 1 54 10 
18 424 17 296 6 6 1 54 11 
18 417 17 306 5 5 1 45 12 
18 448 13 216 6 6 1 49 13 
18 233 23 477 5 5 1 43 14 
18 484 22 449 6 6 1 51 15 
18 125 17 340 7 7 1 56 16 
18 232 22 548 7 7 1 57 17 
18 532 15 249 8 8 1 60 18 
18 440 17 316 4 4 1 33 19 
18 290 21 506 5 5 1 45 20 
18 463 17 330 6 6 1 51 21 
18 47 14 254 7 7 1 59 22 
18 406 25 517 6 6 1 51 23 
18 49 20 394 7 7 1 64 24 
18 159 23 571 4 4 1 35 25 
18 532 14 195 6 6 1 51 26 
18 222 12 210 6 6 1 46 27 
18 368 15 267 6 6 1 45 28 
18 405 18 344 8 8 1 62 29 
18 567 10 158 5 5 1 44 30 
18 433 17 354 7 7 1 56 31 
18 238 26 637 5 5 1 44 32 
18 115 17 336 4 4 1 33 33 
18 565 23 610 4 4 1 40 34 
18 190 12 183 5 5 1 45 35 
18 326 18 363 6 6 1 49 36 
18 334 20 434 7 7 1 57 37 
18 6 16 303 4 4 1 35 38 
18 221 20 452 5 5 1 44 39 
18 154 22 525 5 5 1 43 40 
18 48 18 316 6 6 1 44 41 
18 296 14 245 5 5 1 40 42 
18 91 20 483 4 4 1 37 43 
18 498 18 326 8 8 1 64 44 
18 89 15 268 6 6 1 54 45 
18 489 16 311 4 4 1 34 46 
18 557 17 317 4 4 1 39 47 
18 347 15 285 6 6 1 54 48 
18 264 21 421 6 6 1 50 49 
18 538 17 321 5 5 1 47 50 
18 433 16 309 6 6 1 50 51 
18 154 20 431 5 5 1 47 52 
18 552 14 267 4 4 1 31 53 
18 493 21 443 4 4 1 34 54 
18 493 13 233 7 7 1 55 55 
18 493 9 134 5 5 1 40 56 
18 369 16 299 6 6 1 46 57 
18 91 15 271 4 4 1 35 58 
18 482 15 275 8 8 1 63 59 
18 187 17 369 5 5 1 43 60 
18 395 21 494 6 6 1 50 61 
18 419 22 512 6 6 1 50 62 
18 193 8 143 5 5 1 36 63 
18 501 17 354 5 5 1 43 64 
18 348 21 421 7 7 1 55 65 
18 231 21 498 6 6 1 50 66 
18 338 15 311 5 5 1 45 67 
18 482 26 636 5 5 1 45 68 
18 532 15 252 5 5 1 40 69 
18 108 19 344 7 7 1 58 70 
18 71 15 301 4 4 1 35 71 
18 259 12 263 5 5 1 42 72 
18 370 14 249 5 5 1 41 73 
18 467 20 431 9 9 1 72 74 
18 172 8 126 6 6 1 45 75 
18 135 15 290 5 5 1 42 76 
18 319 16 331 8 8 1 60 77 
18 14 16 314 6 6 1 51 78 
18 120 21 515 4 4 1 34 79 
18 497 26 587 8 8 1 62 80 
18 67 21 490 5 5 1 40 81 
18 144 23 533 6 6 1 48 82 
18 201 21 459 4 4 1 36 83 
18 226 22 517 7 7 1 57 84 
18 93 20 417 6 6 1 57 85 
18 442 21 481 3 3 1 28 86 
18 357 23 548 6 6 1 49 87 
18 7 20 461 5 5 1 41 88 
18 298 11 218 4 4 1 32 89 
18 497 15 274 6 6 1 50 90 
18 258 23 553 5 5 1 43 91 
18 507 16 259 6 6 1 47 92 
18 80 13 234 4 4 1 35 93 
18 510 12 212 6 6 1 50 94 
18 115 27 776 6 6 1 46 95 
18 26 21 450 7 7 1 57 96 
18 255 21 458 4 4 1 31 97 
18 122 10 153 4 4 1 29 98 
18 311 18 302 4 4 1 37 99 
18 126 23 481 5 5 1 43 100 
18 535 16 245 8 8 1 63 101 
18 352 21 479 5 5 1 43 102 
18 106 7 76 5 5 1 40 103 
18 479 15 243 6 6 1 56 104 
18 558 10 160 5 5 1 42 105 
18 186 19 375 5 5 1 41 106 
18 106 6 84 4 4 1 33 107 
18 50 23 544 7 7 1 57 108 
18 525 22 459 5 5 1 42 109 
18 261 24 629 7 7 1 58 110 
18 355 16 318 5 5 1 39 111 
18 75 11 204 4 4 1 33 112 
18 257 15 261 6 6 1 49 113 
18 18 15 258 6 6 1 47 114 
18 490 22 507 8 8 1 64 115 
18 526 24 549 4 4 1 34 116 
18 551 16 265 6 6 1 51 117 
18 268 23 538 5 5 1 43 118 
18 292 16 309 6 6 1 45 119 
18 565 17 342 5 5 1 43 120 
18 476 18 355 4 4 1 35 121 
18 385 17 337 5 5 1 41 122 
18 186 15 270 6 6 1 48 123 
18 344 16 255 7 7 1 58 124 
18 19 18 341 7 7 1 54 125 
18 285 16 304 4 4 1 34 126 
18 59 13 216 6 6 1 48 127 
18 282 15 302 7 7 1 51 128 
18 285 25 625 9 9 1 72 129 
18 236 21 450 5 5 1 44 130 
18 553 18 396 6 6 1 51 131 
18 297 23 525 5 5 1 41 132 
18 225 21 450 7 7 1 59 133 
18 500 14 244 4 4 1 34 134 
18 524 21 447 5 5 1 39 135 
18 322 17 313 7 7 1 55 136 
18 49 15 272 5 5 1 45 137 
18 442 13 194 5 5 1 40 138 
18 497 17 301 5 5 1 40 139 
18 518 14 264 7 7 1 61 140 
18 518 19 430 7 7 1 59 141 
18 537 17 287 5 5 1 43 142 
18 260 17 334 6 6 1 51 143 
18 392 17 382 4 4 1 36 144 
18 485 19 455 5 5 1 40 145 
18 327 15 272 5 5 1 44 146 
18 433 17 319 9 9 1 68 147 
18 409 21 400 7 7 1 55 148 
18 122 15 288 6 6 1 50 149 
18 491 13 202 5 5 1 43 150 
18 10 21 449 5 5 1 46 151 
18 389 17 379 6 6 1 52 152 
18 504 21 471 4 4 1 33 153 
18 64 14 285 9 9 1 69 154 
18 313 17 343 6 6 1 49 155 
18 81 14 268 5 5 1 41 156 
18 482 21 482 6 6 1 51 157 
18 12 17 306 4 4 1 34 158 
18 309 21 453 4 4 1 30 159 
18 319 17 311 6 6 1 51 160 
18 373 19 393 4 4 1 37 161 
18 154 15 276 7 7 1 57 162 
18 562 15 241 7 7 1 58 163 
18 340 13 255 4 4 1 30 164 
18 420 22 410 4 4 1 38 165 
18 126 21 453 5 5 1 42 166 
18 411 30 865 5 5 1 41 167 
18 513 20 447 5 5 1 44 168 
18 147 12 184 7 7 1 56 169 
18 410 22 535 8 8 1 61 170 
18 444 18 354 6 6 1 48 171 
18 17 12 203 5 5 1 42 172 
18 295 15 283 3 3 1 25 173 
18 188 15 255 6 6 1 51 174 
18 512 16 337 5 5 1 43 175 
18 378 17 321 6 6 1 51 176 
18 49 19 452 4 4 1 39 177 
18 353 34 802 7 7 1 63 178 
18 238 15 243 7 7 1 56 179 
18 451 20 488 6 6 1 54 180 
18 450 16 291 5 5 1 46 181 
18 403 17 377 5 5 1 40 182 
18 573 18 338 4 4 1 34 183 
18 258 26 647 7 7 1 58 184 
18 566 13 233 5 5 1 41 185 
18 269 15 241 6 6 1 49 186 
18 190 17 370 6 6 1 49 187 
18 299 16 350 5 5 1 44 188 
18 523 25 594 3 3 1 30 189 
18 198 15 247 6 6 1 48 190 
18 450 14 257 5 5 1 44 191 
18 86 23 521 6 6 1 51 192 
18 273 23 510 3 3 1 29 193 
18 479 18 305 7 7 1 56 194 
18 142 18 386 7 7 1 60 195 
18 229 16 331 6 6 1 48 196 
18 517 20 435 7 7 1 56 197 
18 189 18 290 6 6 1 50 198 
18 232 16 352 4 4 1 31 199 
18 114 19 430 6 6 1 49 200 
18 255 23 584 5 5 1 41 201 
18 117 13 235 7 7 1 56 202 
18 406 20 394 4 4 1 34 203 
18 145 26 720 3 3 1 28 204 
18 218 13 284 5 5 1 48 205 
18 219 14 209 7 7 1 55 206 
18 496 21 492 5 5 1 44 207 
18 162 22 508 7 7 1 57 208 
18 87 10 176 4 4 1 31 209 
18 180 16 281 6 6 1 51 210 
18 381 20 369 6 6 1 52 211 
18 262 17 331 5 5 1 43 212 
18 289 16 334 5 5 1 40 213 
18 440 21 450 6 6 1 52 214 
18 2 24 642 5 5 1 44 215 
18 419 21 446 3 3 1 26 216 
18 398 19 400 7 7 1 54 217 
18 117 11 183 5 5 1 38 218 
18 431 20 400 9 9 1 73 219 
18 184 21 489 5 5 1 43 220 
18 474 5 72 4 4 1 37 221 
18 512 13 223 6 6 1 49 222 
18 566 19 440 6 6 1 49 223 
18 316 21 596 6 6 1 49 224 
18 316 13 272 6 6 1 51 225 
18 256 12 210 5 5 1 43 226 
18 440 13 238 7 7 1 53 227 
18 231 23 532 5 5 1 42 228 
18 440 13 237 5 5 1 42 229 
18 262 18 369 5 5 1 40 230 
18 542 16 306 6 6 1 49 231 
18 462 18 387 6 6 1 52 232 
18 484 16 305 6 6 1 50 233 
18 500 20 370 7 7 1 59 234 
18 235 14 227 5 5 1 37 235 
18 229 23 522 5 5 1 44 236 
18 523 20 447 4 4 1 36 237 
18 548 19 467 5 5 1 43 238 
18 30 16 350 6 6 1 53 239 
18 571 23 513 8 8 1 63 240 
18 193 21 473 4 4 1 32 241 
18 373 22 449 8 8 1 66 242 
18 224 22 516 5 5 1 41 243 
18 49 16 278 4 4 1 34 244 
18 542 14 288 6 6 1 50 245 
18 422 20 381 7 7 1 62 246 
18 440 22 480 6 6 1 50 247 
18 474 24 559 6 6 1 48 248 
18 150 14 243 7 7 1 54 249 
18 228 12 215 5 5 1 40 250 
18 24 14 223 4 4 1 35 251 
18 8 14 219 5 5 1 43 252 
18 567 16 287 5 5 1 43 253 
18 77 16 348 5 5 1 41 254 
18 143 14 252 8 8 1 65 255 
18 331 13 245 8 8 1 64 256 
18 186 20 427 4 4 1 36 257 
18 24 15 312 7 7 1 56 258 
18 314 16 347 5 5 1 41 259 
18 86 16 323 4 4 1 33 260 
18 391 17 305 6 6 1 52 261 
18 296 18 371 5 5 1 44 262 
18 189 15 253 5 5 1 41 263 
18 393 19 326 6 6 1 51 264 
18 393 17 366 5 5 1 41 265 
18 524 14 265 6 6 1 50 266 
18 121 13 247 4 4 1 33 267 
18 271 23 482 7 7 1 59 268 
18 378 23 475 8 8 1 63 269 
18 447 23 551 7 7 1 55 270 
18 34 19 369 7 7 1 60 271 
18 394 12 221 4 4 1 32 272 
18 131 15 284 4 4 1 32 273 
18 449 18 428 8 8 1 63 274 
18 16 10 147 4 4 2 33 275 
18 439 11 185 8 8 1 60 276 
18 480 19 417 8 8 1 67 277 
18 518 14 232 7 7 1 57 278 
18 395 16 293 4 4 1 35 279 
18 443 22 483 3 3 1 30 280 
18 525 20 389 6 6 1 53 281 
18 356 17 310 7 7 1 61 282 
18 395 20 443 6 6 1 49 283 
18 251 15 295 6 6 1 47 284 
18 104 25 582 5 5 1 46 285 
18 125 18 338 5 5 1 40 286 
18 145 13 253 6 6 1 46 287 
18 542 20 409 8 8 1 68 288 
18 235 17 318 9 9 1 73 289 
18 10 20 452 6 6 1 47 290 
18 537 21 444 3 3 1 28 291 
18 35 16 305 5 5 1 40 292 
18 194 16 298 6 6 1 52 293 
18 123 22 546 6 6 1 53 294 
18 459 15 270 5 5 1 46 295 
18 385 14 246 6 6 1 47 296 
18 243 15 246 4 4 1 36 297 
18 272 22 476 5 5 1 45 298 
18 158 17 358 8 8 1 68 299 
18 533 17 304 5 5 1 44 300 
18 350 14 236 6 6 1 47 301 
18 341 27 656 6 6 1 54 302 
18 207 16 307 6 6 1 50 303 
18 411 12 204 6 6 1 48 304 
18 497 20 425 6 6 1 53 305 
18 384 23 525 4 4 1 37 306 
18 183 20 392 4 4 1 36 307 
18 222 17 308 5 5 1 45 308 
18 336 15 253 5 5 1 44 309 
18 233 18 367 6 6 1 49 310 
18 345 17 348 5 5 1 42 311 
18 394 17 332 7 7 1 58 312 
18 355 14 244 5 5 1 37 313 
18 484 16 297 7 7 1 54 314 
18 63 19 389 5 5 1 39 315 
18 421 17 337 5 5 1 45 316 
18 571 22 499 7 7 1 59 317 
18 39 18 400 8 8 1 64 318 
18 41 18 380 5 5 1 44 319 
18 57 16 300 5 5 1 43 320 
18 126 22 516 6 6 1 50 321 
18 322 12 208 6 6 1 51 322 
18 155 24 558 6 6 1 51 323 
18 557 20 417 7 7 1 59 324 
18 103 16 265 6 6 1 51 325 
18 375 11 186 6 6 1 49 326 
18 533 24 581 7 7 1 55 327 
18 301 25 626 6 6 1 52 328 
18 59 19 381 4 4 1 36 329 
18 340 20 466 7 7 1 56 330 
18 562 18 348 6 6 1 50 331 
18 287 16 267 7 7 1 53 332 
18 480 24 533 6 6 1 48 333 
18 27 14 273 7 7 1 58 334 
18 571 20 400 6 6 1 50 335 
18 267 9 115 3 3 1 24 336 
18 529 18 368 7 7 1 58 337 
18 196 21 490 5 5 1 43 338 
18 500 17 326 6 6 1 50 339 
18 15 13 255 7 7 1 62 340 
18 294 18 371 6 6 1 50 341 
18 503 22 478 3 3 1 26 342 
18 131 19 376 6 6 1 50 343 
18 47 13 213 7 7 1 57 344 
18 428 18 341 9 9 2 68 345 
18 524 21 427 6 6 1 48 346 
18 254 15 262 7 7 1 58 347 
18 61 17 343 5 5 1 42 348 
18 543 17 331 5 5 1 39 349 
18 354 20 475 4 4 1 36 350 
18 506 17 355 5 5 1 40 351 
18 179 16 296 6 6 1 50 352 
18 426 21 489 6 6 1 51 353 
18 171 15 285 7 7 1 56 354 
18 186 16 344 5 5 1 39 355 
18 365 22 464 7 7 1 54 356 
18 187 13 240 3 3 1 26 357 
18 407 13 192 7 7 1 59 358 
18 474 21 459 4 4 1 38 359 
18 74 23 424 6 6 1 50 360 
18 279 25 557 4 4 1 32 361 
18 408 21 441 9 9 2 70 362 
18 374 9 135 3 3 1 28 363 
18 481 16 293 6 6 1 50 364 
18 115 22 492 6 6 1 52 365 
18 106 19 377 4 4 1 36 366 
18 431 15 266 5 5 1 44 367 
18 241 13 246 5 5 1 41 368 
18 166 18 371 4 4 1 35 369 
18 260 18 355 6 6 1 48 370 
18 242 21 466 6 6 1 51 371 
18 283 12 189 5 5 1 37 372 
18 483 13 233 7 7 1 58 373 
18 11 18 373 6 6 1 52 374 
18 270 16 306 7 7 1 55 375 
18 335 18 351 7 7 1 54 376 
18 315 19 426 4 4 1 34 377 
18 292 28 689 7 7 1 59 378 
18 398 25 545 8 8 1 61 379 
18 517 12 173 7 7 1 61 380 
18 70 17 338 7 7 1 56 381 
18 483 22 465 4 4 1 37 382 
18 235 12 192 7 7 1 55 383 
18 255 15 242 4 4 1 37 384 
18 544 12 188 6 6 1 46 385 
18 214 14 212 5 5 1 40 386 
18 293 15 300 4 4 1 37 387 
18 240 16 304 8 8 1 60 388 
18 143 13 211 5 5 1 40 389 
18 437 20 467 8 8 1 66 390 
18 199 15 313 5 5 1 42 391 
18 369 10 171 6 6 1 45 392 
18 158 22 475 7 7 1 56 393 
18 141 17 312 8 8 1 66 394 
18 361 15 299 6 6 1 53 395 
18 127 16 359 6 6 1 56 396 
18 16 13 217 5 5 1 42 397 
18 44 13 233 5 5 1 37 398 
18 530 14 248 5 5 1 40 399 
18 348 19 390 7 7 1 59 400 
18 286 17 326 6 6 1 52 401 
18 466 16 302 7 7 1 54 402 
18 342 19 401 6 6 1 48 403 
18 537 18 325 5 5 1 41 404 
18 172 18 408 5 5 1 46 405 
18 428 13 215 5 5 1 38 406 
18 304 18 369 5 5 1 42 407 
18 380 19 431 7 7 1 55 408 
18 96 15 265 6 6 1 49 409 
18 67 10 157 6 6 1 47 410 
18 56 11 179 9 9 1 70 411 
18 257 17 346 6 6 1 45 412 
18 252 18 355 9 9 1 70 413 
18 70 18 367 5 5 1 42 414 
18 515 17 311 9 9 1 72 415 
18 544 11 167 6 6 1 48 416 
18 1 14 238 6 6 1 49 417 
18 231 11 190 6 6 1 47 418 
18 505 15 294 6 6 1 49 419 
18 479 18 381 7 7 1 57 420 
18 155 21 464 7 7 1 57 421 
18 467 15 263 5 5 1 41 422 
18 453 15 284 7 7 1 58 423 
18 98 13 202 8 8 1 64 424 
18 220 9 140 4 4 1 35 425 
18 348 17 318 7 7 1 60 426 
18 395 21 470 7 7 1 59 427 
18 181 9 128 4 4 1 33 428 
18 458 24 520 5 5 1 45 429 
18 419 16 330 6 6 1 50 430 
18 230 14 212 6 6 1 45 431 
18 115 12 204 6 6 1 51 432 
18 437 12 208 5 5 1 43 433 
18 553 17 285 6 6 1 48 434 
18 465 17 405 5 5 1 40 435 
18 420 22 525 7 7 1 56 436 
18 570 18 380 5 5 1 43 437 
18 177 18 325 9 9 1 72 438 
18 382 12 198 5 5 1 41 439 
18 554 12 211 5 5 1 43 440 
18 211 13 230 5 5 1 44 441 
18 85 11 152 6 6 1 47 442 
18 186 16 293 7 7 1 62 443 
18 459 23 536 7 7 1 56 444 
18 501 19 386 5 5 1 42 445 
18 251 16 317 6 6 1 53 446 
18 533 17 316 6 6 1 47 447 
18 37 12 251 7 7 1 58 448 
18 374 23 485 7 7 1 63 449 
18 417 16 311 5 5 1 41 450 
18 4 19 421 5 5 1 39 451 
18 424 18 326 8 8 1 61 452 
18 267 26 641 6 6 1 53 453 
18 556 15 285 5 5 1 42 454 
18 221 13 194 5 5 1 39 455 
18 50 22 475 4 4 1 36 456 
18 155 21 511 9 9 1 71 457 
18 499 22 537 5 5 1 42 458 
18 240 16 255 6 6 1 47 459 
18 3 24 547 4 4 1 37 460 
18 292 16 324 6 6 1 51 461 
18 270 28 748 6 6 1 50 462 
18 285 14 278 4 4 1 35 463 
18 361 16 326 7 7 1 59 464 
18 396 26 569 7 7 1 57 465 
18 300 12 173 7 7 1 53 466 
18 308 11 195 5 5 1 44 467 
18 95 19 380 5 5 1 43 468 
18 398 18 313 5 5 1 43 469 
18 523 17 333 8 8 1 63 470 
18 133 15 280 3 3 1 27 471 
18 40 24 523 8 8 1 66 472 
18 428 27 750 5 5 1 41 473 
18 260 16 375 7 7 1 64 474 
18 176 14 217 4 4 1 35 475 
18 431 17 344 8 8 1 63 476 
18 279 15 314 4 4 1 35 477 
18 390 24 625 4 4 1 32 478 
18 180 19 369 5 5 1 43 479 
18 12 19 384 8 8 1 63 480 
18 96 16 272 8 8 1 66 481 
18 252 19 431 6 6 1 51 482 
18 25 24 557 8 8 1 57 483 
18 327 18 345 4 4 1 35 484 
18 148 18 379 5 5 1 44 485 
18 235 24 577 6 6 1 48 486 
18 506 16 335 6 6 1 55 487 
18 53 19 444 5 5 1 41 488 
18 380 18 388 5 5 1 44 489 
18 427 18 342 6 6 1 55 490 
18 144 17 385 6 6 1 50 491 
18 153 13 244 6 6 1 54 492 
18 216 22 441 5 5 1 42 493 
18 252 18 374 7 7 1 55 494 
18 27 20 426 6 6 1 48 495 
18 246 18 353 5 5 1 42 496 
18 414 18 340 6 6 1 47 497 
18 168 13 213 5 5 1 37 498 
18 2 15 246 7 7 1 57 499 
18 308 11 181 5 5 1 41 500 
18 203 15 270 4 4 1 36 501 
18 467 17 359 5 5 1 41 502 
18 89 11 198 6 6 1 47 503 
18 158 15 241 5 5 1 46 504 
18 483 19 391 8 8 1 65 505 
18 109 15 288 4 4 1 34 506 
18 322 17 282 6 6 1 51 507 
18 457 18 361 7 7 1 57 508 
18 16 16 316 5 5 1 48 509 
18 374 20 439 9 9 1 74 510 
18 342 14 226 6 6 1 46 511 
18 386 22 473 6 6 1 45 512 
18 394 15 260 5 5 1 40 513 
18 450 22 499 8 8 1 62 514 
18 60 17 330 5 5 1 41 515 
18 426 14 260 4 4 1 32 516 
18 420 15 278 6 6 1 49 517 
18 29 26 695 7 7 1 55 518 
18 63 21 451 6 6 1 48 519 
18 78 15 255 7 7 1 58 520 
18 12 20 388 7 7 1 58 521 
18 174 24 564 5 5 1 42 522 
18 17 17 349 6 6 1 53 523 
18 294 13 207 5 5 1 39 524 
18 244 19 388 8 8 1 61 525 
18 461 21 411 7 7 1 59 526 
18 343 16 282 7 7 1 52 527 
18 45 22 483 7 7 1 61 528 
18 393 16 298 5 5 1 40 529 
18 130 17 313 6 6 1 51 530 
18 69 18 344 7 7 1 53 531 
18 11 21 486 6 6 1 50 532 
18 6 19 415 7 7 1 59 533 
18 19 17 292 8 8 1 61 534 
18 545 19 422 7 7 1 53 535 
18 307 19 358 5 5 1 44 536 
18 319 21 476 7 7 1 55 537 
18 290 17 345 7 7 1 59 538 
18 100 17 356 4 4 1 36 539 
18 465 18 352 6 6 1 53 540 
18 100 22 499 6 6 1 50 541 
18 9 14 259 7 7 1 56 542 
18 130 21 468 5 5 1 42 543 
18 39 18 344 6 6 1 53 544 
18 376 18 404 5 5 1 39 545 
18 89 14 266 6 6 1 53 546 
18 60 17 341 6 6 1 49 547 
18 372 21 464 7 7 1 56 548 
18 157 20 411 6 6 1 46 549 
18 392 23 502 7 7 1 57 550 
18 326 16 248 5 5 1 44 551 
18 124 14 302 4 4 1 33 552 
18 205 23 482 5 5 1 43 553 
18 197 19 357 6 6 1 48 554 
18 193 19 361 9 9 1 70 555 
18 69 17 320 4 4 1 35 556 
18 19 22 551 6 6 1 53 557 
18 37 25 621 4 4 1 37 558 
18 334 26 720 5 5 1 45 559 
18 296 13 203 5 5 1 37 560 
18 471 17 323 6 6 1 45 561 
18 512 17 389 7 7 1 54 562 
18 99 16 363 6 6 1 48 563 
18 405 14 259 6 6 1 53 564 
18 288 15 268 6 6 1 50 565 
18 357 28 796 4 4 1 39 566 
18 191 18 369 6 6 1 48 567 
18 309 17 317 5 5 1 41 568 
18 296 25 634 5 5 1 46 569 
18 555 22 518 5 5 1 43 570 
18 245 19 390 6 6 1 48 571 
18 45 14 306 5 5 1 45 572 
18 388 26 643 7 7 1 55 573 
18 520 12 194 5 5 1 44 574 
18 458 12 241 5 5 1 41 575 
18 150 25 573 7 7 1 58 576 
18 26 24 560 6 6 1 50 577 
18 112 21 481 10 10 1 77 578 
18 357 26 691 7 7 1 61 579 
18 364 19 405 6 6 1 50 580 
18 183 22 517 5 5 1 41 581 
18 376 22 535 6 6 1 52 582 
18 121 22 526 7 7 1 56 583 
18 109 18 352 6 6 1 51 584 
18 196 11 189 3 3 1 27 585 
18 176 12 210 6 6 1 48 586 
18 333 15 263 4 4 1 35 587 
18 95 19 376 6 6 1 50 588 
18 310 23 608 5 5 1 44 589 
18 544 14 246 6 6 1 50 590 
18 67 12 178 4 4 1 36 591 
18 416 19 408 6 6 1 50 592 
18 406 16 305 5 5 1 46 593 
18 187 15 266 4 4 1 35 594 
18 61 15 238 4 4 1 33 595 
18 232 13 212 5 5 1 43 596 
18 322 15 294 5 5 1 44 597 
18 6 22 545 7 7 1 54 598 
18 31 16 298 7 7 1 53 599 
18 502 25 607 5 5 1 43 600 
18 541 13 250 5 5 1 42 601 
18 378 12 251 5 5 1 41 602 
18 442 17 330 5 5 1 42 603 
18 193 11 175 5 5 1 42 604 
18 78 21 463 6 6 1 55 605 
18 23 23 536 7 7 1 55 606 
18 428 19 435 5 5 1 43 607 
18 133 11 209 5 5 1 35 608 
18 333 23 450 7 7 1 57 609 
18 512 16 308 5 5 1 42 610 
18 344 13 233 6 6 1 49 611 
18 44 15 292 7 7 1 52 612 
18 228 13 209 9 9 1 67 613 
18 48 19 406 6 6 1 51 614 
18 71 25 615 4 4 1 35 615 
18 330 18 359 5 5 1 44 616 
18 442 18 353 5 5 1 40 617 
18 524 17 290 8 8 1 63 618 
18 180 18 318 9 9 1 77 619 
18 459 19 453 8 8 1 65 620 
18 485 19 401 9 9 1 72 621 
18 27 19 369 6 6 1 46 622 
18 60 17 389 5 5 1 43 623 
18 462 15 291 5 5 1 40 624 
18 35 11 177 5 5 1 44 625 
18 451 11 143 6 6 1 48 626 
18 339 13 227 4 4 1 35 627 
18 273 8 148 7 7 1 57 628 
18 273 13 220 5 5 1 41 629 
18 42 24 556 6 6 1 54 630 
18 344 15 297 4 4 1 36 631 
18 17 22 445 6 6 1 51 632 
18 142 16 306 5 5 1 43 633 
18 332 19 386 5 5 1 45 634 
18 498 20 375 5 5 1 45 635 
18 249 17 318 5 5 1 46 636 
18 376 14 235 7 7 1 56 637 
18 541 26 587 6 6 1 53 638 
18 518 15 273 5 5 1 42 639 
18 187 12 201 8 8 1 61 640 
18 318 21 471 6 6 1 50 641 
18 45 18 380 6 6 1 47 642 
18 452 18 356 6 6 1 49 643 
18 545 25 545 5 5 1 46 644 
18 245 23 557 6 6 1 52 645 
18 246 9 163 4 4 1 36 646 
18 569 20 400 7 7 1 57 647 
18 209 17 335 8 8 1 58 648 
18 359 18 358 6 6 1 48 649 
18 4 14 293 5 5 1 46 650 
18 238 25 569 7 7 1 56 651 
18 70 33 1025 4 4 1 37 652 
18 503 16 281 5 5 1 40 653 
18 363 12 177 8 8 1 60 654 
18 12 13 198 4 4 1 31 655 
18 38 18 370 6 6 1 48 656 
18 396 21 414 4 4 1 36 657 
18 484 27 738 4 4 1 33 658 
18 226 24 622 6 6 1 52 659 
18 288 17 332 6 6 1 55 660 
18 372 14 238 5 5 1 42 661 
18 456 20 408 6 6 1 50 662 
18 303 14 221 5 5 1 39 663 
18 256 18 368 8 8 1 61 664 
18 519 19 393 6 6 1 49 665 
18 19 18 385 6 6 1 49 666 
18 223 13 206 5 5 1 44 667 
18 113 23 584 7 7 1 56 668 
18 82 11 176 5 5 1 35 669 
18 58 22 503 4 4 1 35 670 
18 412 24 496 6 6 1 51 671 
18 379 22 607 7 7 1 56 672 
18 195 18 388 5 5 1 40 673 
18 137 12 232 3 3 1 25 674 
18 356 12 207 5 5 1 40 675 
18 140 15 310 5 5 1 44 676 
18 220 26 702 5 5 1 44 677 
18 380 15 301 5 5 1 43 678 
18 365 23 546 4 4 1 35 679 
18 433 13 204 6 6 1 50 680 
18 478 14 263 5 5 1 45 681 
18 233 12 166 5 5 1 42 682 
18 335 18 434 6 6 1 45 683 
18 20 17 336 7 7 1 55 684 
18 31 13 232 8 8 1 62 685 
18 21 16 314 6 6 1 56 686 
18 363 21 425 6 6 1 49 687 
18 63 28 747 5 5 1 45 688 
18 371 17 295 8 8 1 65 689 
18 54 17 371 3 3 1 26 690 
18 204 16 287 7 7 1 57 691 
18 161 15 303 6 6 1 49 692 
18 542 16 313 6 6 1 51 693 
18 245 18 340 6 6 1 52 694 
18 493 20 415 6 6 1 49 695 
18 455 14 243 7 7 1 52 696 
18 566 16 291 5 5 1 41 697 
18 2 17 330 5 5 1 40 698 
18 354 26 702 8 8 1 67 699 
18 178 14 263 4 4 1 36 700 
18 390 19 464 8 8 1 64 701 
18 226 29 776 8 8 1 65 702 
18 37 21 473 4 4 1 35 703 
18 68 25 594 7 7 1 55 704 
18 295 15 274 5 5 1 43 705 
18 305 23 519 6 6 1 52 706 
18 206 18 360 6 6 1 49 707 
18 260 23 560 6 6 1 56 708 
18 109 21 501 6 6 1 54 709 
18 66 16 267 6 6 1 52 710 
18 572 20 422 3 3 1 27 711 
18 432 21 442 5 5 1 42 712 
18 318 20 466 6 6 1 48 713 
18 350 20 441 6 6 1 49 714 
18 69 21 493 6 6 1 52 715 
18 322 20 395 7 7 1 58 716 
18 219 9 128 6 6 1 51 717 
18 279 18 318 6 6 1 46 718 
18 139 11 194 4 4 1 29 719 
18 63 21 499 4 4 1 36 720 
18 241 19 359 5 5 1 44 721 
18 208 13 231 7 7 1 59 722 
18 138 22 490 5 5 1 43 723 
18 260 17 315 7 7 1 57 724 
18 338 17 361 7 7 1 53 725 
18 392 16 293 4 4 1 37 726 
18 102 18 394 6 6 1 50 727 
18 161 24 561 5 5 1 41 728 
18 327 18 379 7 7 1 57 729 
18 247 15 322 7 7 1 52 730 
18 412 15 291 7 7 1 59 731 
18 528 21 483 5 5 1 42 732 
18 519 19 412 5 5 1 42 733 
18 125 20 403 6 6 1 50 734 
18 415 15 252 6 6 1 50 735 
18 82 19 405 3 3 1 27 736 
18 426 13 224 7 7 1 56 737 
18 24 15 294 4 4 1 34 738 
18 566 14 282 6 6 1 50 739 
18 392 14 255 7 7 1 57 740 
18 232 14 275 5 5 1 44 741 
18 323 20 450 5 5 1 43 742 
18 378 17 348 5 5 1 43 743 
18 364 21 464 5 5 1 46 744 
18 556 21 455 7 7 1 56 745 
18 66 22 525 5 5 1 43 746 
18 332 19 442 6 6 1 50 747 
18 405 22 566 8 8 1 62 748 
18 11 20 417 5 5 1 41 749 
18 292 18 387 4 4 1 36 750 
18 319 13 207 5 5 1 41 751 
18 293 11 138 7 7 1 56 752 
18 471 14 238 5 5 1 39 753 
18 509 17 347 6 6 1 52 754 
18 25 22 502 9 9 1 70 755 
18 308 25 616 5 5 1 43 756 
18 107 15 301 6 6 1 52 757 
18 409 14 218 8 8 1 67 758 
18 502 14 246 4 4 1 34 759 
18 363 19 414 9 9 1 71 760 
18 328 17 325 5 5 1 44 761 
18 477 16 302 6 6 1 46 762 
18 524 19 464 6 6 1 50 763 
18 409 21 501 4 4 1 34 764 
18 509 17 342 5 5 1 43 765 
18 439 7 93 4 4 1 35 766 
18 383 26 697 6 6 1 52 767 
18 9 23 521 6 6 1 51 768 
18 334 18 382 5 5 1 42 769 
18 385 14 233 8 8 1 60 770 
18 163 18 428 4 4 1 35 771 
18 254 10 175 5 5 1 40 772 
18 376 17 345 5 5 1 41 773 
18 255 23 539 6 6 1 49 774 
18 559 20 386 6 6 1 47 775 
18 8 23 526 6 6 1 55 776 
18 433 13 228 8 8 1 63 777 
18 11 19 373 6 6 1 50 778 
18 392 16 321 5 5 1 42 779 
18 69 21 455 6 6 1 53 780 
18 267 22 456 7 7 1 61 781 
18 126 15 295 6 6 1 47 782 
18 443 17 338 8 8 1 69 783 
18 397 19 373 5 5 1 44 784 
18 72 17 344 7 7 1 55 785 
18 504 18 385 4 4 1 32 786 
18 148 8 106 6 6 1 48 787 
18 161 27 627 4 4 1 35 788 
18 165 13 197 5 5 1 39 789 
18 177 19 425 5 5 1 44 790 
18 24 15 286 7 7 1 56 791 
18 192 23 544 4 4 1 33 792 
18 335 14 263 6 6 1 51 793 
18 507 16 320 5 5 1 43 794 
18 311 15 306 5 5 1 43 795 
18 347 16 329 4 4 1 38 796 
18 220 16 300 5 5 1 44 797 
18 58 16 266 9 9 1 68 798 
18 114 22 574 7 7 1 57 799 
18 52 16 268 5 5 1 46 800 
18 500 21 487 6 6 1 50 801 
18 240 11 219 5 5 1 43 802 
18 275 18 402 6 6 1 49 803 
18 367 21 427 7 7 1 54 804 
18 304 11 166 4 4 1 33 805 
18 198 20 441 3 3 1 24 806 
18 501 18 390 4 4 1 31 807 
18 97 19 366 5 5 1 43 808 
18 453 14 272 4 4 1 37 809 
18 122 13 254 7 7 1 53 810 
18 386 20 411 4 4 1 39 811 
18 469 21 513 5 5 1 41 812 
18 437 15 262 7 7 1 56 813 
18 130 14 314 6 6 1 51 814 
18 134 19 377 5 5 1 44 815 
18 26 18 410 4 4 1 36 816 
18 39 20 418 9 9 1 66 817 
18 550 16 294 8 8 1 62 818 
18 553 19 412 6 6 1 53 819 
18 106 18 373 5 5 1 43 820 
18 446 16 264 4 4 1 37 821 
18 351 18 372 4 4 1 35 822 
18 117 16 349 6 6 1 50 823 
18 77 27 577 5 5 1 41 824 
18 525 18 411 9 9 1 74 825 
18 383 13 242 5 5 1 44 826 
18 505 16 343 6 6 1 48 827 
18 486 21 467 5 5 1 47 828 
18 76 15 263 5 5 1 41 829 
18 542 12 215 5 5 1 45 830 
18 118 16 264 5 5 1 44 831 
18 437 26 734 6 6 1 51 832 
18 200 17 298 6 6 1 49 833 
18 96 27 643 7 7 1 57 834 
18 306 18 379 6 6 1 47 835 
18 1 22 495 6 6 1 51 836 
18 98 12 194 6 6 1 49 837 
18 407 17 375 4 4 1 36 838 
18 516 11 177 5 5 1 45 839 
18 139 17 323 5 5 1 46 840 
18 455 23 502 6 6 1 45 841 
18 474 15 261 7 7 1 51 842 
18 474 17 328 5 5 1 42 843 
18 344 13 244 5 5 1 45 844 
18 469 18 363 5 5 1 39 845 
18 232 14 269 5 5 1 47 846 
18 313 27 696 8 8 1 66 847 
18 66 21 461 4 4 1 37 848 
18 123 13 259 4 4 1 41 849 
18 231 18 400 6 6 1 50 850 
18 394 17 332 4 4 1 36 851 
18 220 13 217 7 7 1 54 852 
18 239 11 162 6 6 1 44 853 
18 500 21 403 7 7 1 59 854 
18 143 20 397 6 6 1 48 855 
18 279 12 196 6 6 1 45 856 
18 391 18 347 5 5 1 46 857 
18 416 14 277 4 4 1 35 858 
18 442 19 384 4 4 1 37 859 
18 327 26 659 7 7 1 54 860 
18 255 13 257 6 6 1 45 861 
18 169 14 261 6 6 1 50 862 
18 456 15 296 8 8 1 64 863 
18 510 12 191 5 5 1 41 864 
18 249 17 296 9 9 1 71 865 
18 546 20 443 8 8 1 65 866 
18 564 17 341 6 6 1 49 867 
18 522 20 488 3 3 1 27 868 
18 328 18 368 6 6 1 52 869 
18 323 11 192 3 3 1 24 870 
18 444 15 273 5 5 1 44 871 
18 409 12 216 5 5 1 43 872 
18 218 14 246 5 5 1 43 873 
18 345 19 444 5 5 1 43 874 
18 171 20 403 4 4 1 35 875 
18 423 24 629 7 7 1 59 876 
18 251 16 305 8 8 1 63 877 
18 228 13 194 6 6 1 50 878 
18 40 19 411 5 5 1 45 879 
18 208 21 474 5 5 1 40 880 
18 296 24 601 6 6 1 51 881 
18 360 17 330 4 4 1 34 882 
18 475 17 366 4 4 1 35 883 
18 553 12 200 6 6 1 49 884 
18 210 20 350 8 8 1 58 885 
18 503 14 229 6 6 1 47 886 
18 424 18 388 5 5 1 46 887 
18 451 17 347 7 7 1 55 888 
18 423 19 453 5 5 1 45 889 
18 301 13 236 6 6 1 50 890 
18 138 16 224 5 5 1 46 891 
18 153 11 209 5 5 1 41 892 
18 251 22 487 5 5 1 46 893 
18 457 17 329 6 6 1 53 894 
18 490 17 327 5 5 1 44 895 
18 299 15 275 10 10 1 81 896 
18 87 16 300 4 4 1 37 897 
18 166 20 430 7 7 1 58 898 
18 339 21 394 8 8 1 61 899 
18 523 10 155 5 5 1 43 900 
18 344 18 389 8 8 1 63 901 
18 307 16 269 7 7 1 52 902 
18 140 19 397 6 6 1 48 903 
18 16 16 316 4 4 1 33 904 
18 328 23 477 7 7 1 55 905 
18 466 16 324 6 6 1 51 906 
18 186 20 401 4 4 1 37 907 
18 470 16 297 5 5 1 45 908 
18 311 27 723 4 4 1 33 909 
18 239 13 192 6 6 1 48 910 
18 210 20 406 5 5 1 45 911 
18 436 17 295 6 6 1 47 912 
18 68 18 359 9 9 1 71 913 
18 209 12 208 6 6 1 48 914 
18 29 20 470 7 7 1 58 915 
18 436 20 428 4 4 1 34 916 
18 529 15 266 5 5 1 43 917 
18 364 25 592 4 4 1 38 918 
18 298 18 396 5 5 1 41 919 
18 477 15 251 5 5 1 44 920 
18 177 20 441 6 6 1 52 921 
18 467 20 439 7 7 1 58 922 
18 543 15 263 7 7 1 52 923 
18 10 22 521 6 6 1 48 924 
18 525 25 645 7 7 1 61 925 
18 459 11 212 5 5 1 40 926 
18 11 20 467 5 5 1 40 927 
18 178 17 298 8 8 1 68 928 
18 4 7 94 5 5 1 40 929 
18 554 17 365 7 7 1 55 930 
18 294 15 258 6 6 1 48 931 
18 227 17 365 4 4 1 37 932 
18 407 14 244 5 5 1 35 933 
18 424 21 460 6 6 1 53 934 
18 518 20 426 7 7 1 55 935 
18 401 17 370 6 6 1 53 936 
18 359 19 347 7 7 1 56 937 
18 535 16 290 6 6 1 45 938 
18 280 17 322 7 7 1 60 939 
18 532 20 376 5 5 1 42 940 
18 546 19 369 4 4 1 37 941 
18 244 12 217 4 4 1 31 942 
18 292 19 392 6 6 1 49 943 
18 40 17 339 7 7 1 57 944 
18 474 21 434 9 9 1 71 945 
18 360 18 434 5 5 1 39 946 
18 274 18 345 5 5 1 45 947 
18 347 22 534 6 6 1 49 948 
18 61 20 425 7 7 1 52 949 
18 497 18 371 5 5 1 44 950 
18 137 17 359 7 7 1 53 951 
18 475 16 303 5 5 1 43 952 
18 430 14 223 7 7 1 57 953 
18 465 23 561 7 7 1 60 954 
18 167 16 301 9 9 1 75 955 
18 423 15 302 5 5 1 40 956 
18 522 16 285 6 6 1 49 957 
18 275 19 405 5 5 1 43 958 
18 222 13 185 5 5 1 40 959 
18 5 19 399 6 6 1 49 960 
18 540 11 166 6 6 1 46 961 
18 422 17 343 7 7 1 57 962 
18 338 14 285 8 8 1 60 963 
18 488 13 242 5 5 1 39 964 
18 466 20 438 5 5 1 43 965 
18 28 22 484 8 8 1 63 966 
18 500 23 486 6 6 1 52 967 
18 359 22 505 4 4 1 37 968 
18 466 18 359 7 7 1 57 969 
18 532 20 421 7 7 1 58 970 
18 11 23 545 9 9 1 71 971 
18 384 17 329 7 7 1 57 972 
18 7 16 320 4 4 1 32 973 
18 363 17 330 5 5 1 46 974 
18 13 17 322 5 5 1 41 975 
18 244 18 333 5 5 1 43 976 
18 99 18 370 5 5 1 43 977 
18 255 19 366 6 6 1 45 978 
18 520 14 295 5 5 1 46 979 
18 183 13 252 6 6 1 50 980 
18 202 10 159 7 7 1 57 981 
18 447 17 324 6 6 1 51 982 
18 250 17 318 6 6 1 51 983 
18 285 16 265 6 6 1 49 984 
18 103 17 350 6 6 1 48 985 
18 537 15 302 4 4 1 34 986 
18 561 17 308 6 6 1 50 987 
18 320 21 464 4 4 1 35 988 
18 304 16 279 7 7 1 57 989 
18 562 13 222 5 5 1 42 990 
18 333 23 522 6 6 1 51 991 
18 242 15 269 5 5 1 43 992 
18 66 29 786 8 8 1 66 993 
18 318 21 423 7 7 1 56 994 
18 129 15 281 6 6 1 51 995 
18 396 22 519 6 6 1 47 996 
18 108 16 368 4 4 1 37 997 
18 88 23 567 5 5 1 44 998 
18 123 17 275 7 7 1 55 999 
