6 18 6 38 4 4 1 23 0 
6 105 4 30 4 4 1 26 1 
6 118 7 75 4 4 1 26 2 
6 169 3 17 3 3 1 16 3 
6 134 3 19 3 3 1 15 4 
6 32 11 117 7 7 1 49 5 
6 5 6 49 5 5 1 35 6 
6 165 6 48 5 5 1 30 7 
6 46 7 58 3 3 1 18 8 
6 179 4 30 4 4 1 24 9 
6 70 9 81 5 5 1 36 10 
6 20 1 10 1 1 1 7 11 
6 118 3 27 3 3 1 19 12 
6 191 2 11 2 2 1 11 13 
6 99 7 57 4 4 1 23 14 
6 3 3 18 3 3 1 15 15 
6 156 3 20 3 3 1 19 16 
6 10 3 19 3 3 1 17 17 
6 161 4 23 4 4 1 23 18 
6 12 4 24 4 4 1 23 19 
6 117 4 28 4 4 1 25 20 
6 62 6 55 5 5 1 32 21 
6 114 3 19 2 2 1 11 22 
6 10 5 42 5 5 1 34 23 
6 66 2 8 2 2 1 8 24 
6 148 4 34 3 3 1 19 25 
6 188 8 69 6 6 1 42 26 
6 174 6 54 3 3 1 20 27 
6 30 6 55 5 5 1 35 28 
6 172 4 28 3 3 1 19 29 
6 81 6 46 5 5 1 31 30 
6 55 5 46 4 4 1 23 31 
6 142 9 82 6 6 1 38 32 
6 143 11 136 5 5 1 41 33 
6 90 3 21 3 3 1 20 34 
6 165 7 81 4 4 1 29 35 
6 100 7 74 4 4 1 28 36 
6 53 5 47 3 3 1 22 37 
6 70 8 96 3 3 1 21 38 
6 185 3 16 3 3 1 14 39 
6 33 4 34 4 4 1 28 40 
6 157 5 39 3 3 1 18 41 
6 110 3 20 3 3 1 17 42 
6 45 5 24 4 4 1 18 43 
6 2 4 30 3 3 1 22 44 
6 72 8 72 6 6 1 39 45 
6 1 3 26 2 2 1 14 46 
6 101 8 69 6 6 1 38 47 
6 147 6 54 4 4 1 30 48 
6 48 5 39 4 4 1 26 49 
6 40 8 96 5 5 1 40 50 
6 163 6 65 3 3 1 21 51 
6 71 6 57 3 3 1 20 52 
6 106 5 49 5 5 1 35 53 
6 15 5 49 4 4 1 25 54 
6 155 5 42 4 4 1 27 55 
6 150 5 48 3 3 1 19 56 
6 78 5 42 4 4 1 24 57 
6 3 6 47 4 4 1 25 58 
6 190 8 79 5 5 1 36 59 
6 187 7 49 3 3 1 18 60 
6 172 5 44 3 3 1 20 61 
6 130 7 60 5 5 1 36 62 
6 176 7 51 6 6 1 38 63 
6 13 5 30 2 2 1 11 64 
6 144 6 71 4 4 1 29 65 
6 170 1 5 1 1 1 5 66 
6 44 7 54 5 5 1 35 67 
6 54 7 65 5 5 1 37 68 
6 27 11 116 8 8 1 56 69 
6 128 6 50 4 4 1 31 70 
6 152 7 82 5 5 1 38 71 
6 142 6 47 4 4 1 24 72 
6 140 5 43 3 3 1 20 73 
6 38 8 78 4 4 1 28 74 
6 121 3 21 3 3 1 19 75 
6 47 5 31 3 3 1 17 76 
6 117 5 35 4 4 1 23 77 
6 99 4 26 3 3 1 19 78 
6 139 4 29 3 3 1 19 79 
6 20 6 53 4 4 1 30 80 
6 71 4 31 2 2 1 12 81 
6 160 5 40 4 4 1 27 82 
6 141 4 33 2 2 1 14 83 
6 129 7 61 4 4 1 26 84 
6 136 4 28 3 3 1 18 85 
6 25 4 26 3 3 1 19 86 
6 100 1 5 1 1 1 5 87 
6 28 1 7 1 1 1 7 88 
6 183 9 96 4 4 1 28 89 
6 78 5 36 4 4 1 23 90 
6 163 4 25 3 3 1 19 91 
6 120 5 40 3 3 1 19 92 
6 112 6 54 5 5 1 35 93 
6 126 8 81 4 4 1 31 94 
6 53 7 65 5 5 1 36 95 
6 7 4 24 3 3 1 16 96 
6 119 4 31 3 3 1 18 97 
6 53 3 21 3 3 1 18 98 
6 92 9 87 5 5 1 33 99 
6 180 6 49 4 4 1 29 100 
6 21 5 36 5 5 1 30 101 
6 9 6 56 2 2 1 14 102 
6 156 7 62 6 6 1 40 103 
6 73 4 29 3 3 1 19 104 
6 49 4 31 3 3 1 21 105 
6 163 6 56 4 4 1 31 106 
6 91 5 45 3 3 1 19 107 
6 52 4 29 3 3 1 22 108 
6 157 8 78 6 6 1 42 109 
6 109 3 23 2 2 1 13 110 
6 60 10 99 5 5 1 35 111 
6 81 4 27 3 3 1 20 112 
6 89 4 26 3 3 1 17 113 
6 63 6 55 4 4 1 25 114 
6 179 10 114 6 6 1 41 115 
6 75 6 51 5 5 1 32 116 
6 53 4 28 2 2 1 12 117 
6 26 6 56 4 4 1 27 118 
6 161 2 11 2 2 1 10 119 
6 2 8 71 5 5 1 37 120 
6 53 7 58 4 4 1 25 121 
6 118 9 84 5 5 1 35 122 
6 89 8 80 4 4 1 25 123 
6 156 4 28 4 4 1 24 124 
6 175 6 50 2 2 1 16 125 
6 48 7 69 4 4 1 30 126 
6 121 3 16 2 2 1 10 127 
6 8 5 36 4 4 1 26 128 
6 9 7 67 5 5 1 32 129 
6 107 6 43 4 4 1 25 130 
6 130 10 96 5 5 1 35 131 
6 8 7 66 5 5 1 34 132 
6 174 8 103 6 6 1 43 133 
6 151 7 64 4 4 1 29 134 
6 175 8 74 5 5 1 36 135 
6 116 5 55 4 4 1 30 136 
6 122 12 140 5 5 1 38 137 
6 40 6 45 6 6 1 37 138 
6 18 5 38 4 4 1 29 139 
6 163 10 98 5 5 1 37 140 
6 19 7 72 6 6 1 47 141 
6 178 7 58 3 3 1 18 142 
6 18 6 59 4 4 1 25 143 
6 110 9 92 5 5 1 36 144 
6 72 5 51 5 5 1 32 145 
6 124 10 97 6 6 1 45 146 
6 172 6 47 5 5 1 35 147 
6 48 9 80 5 5 1 37 148 
6 5 5 38 4 4 1 24 149 
6 55 5 27 5 5 1 25 150 
6 67 4 28 4 4 1 27 151 
6 39 7 63 4 4 1 26 152 
6 104 4 28 4 4 1 24 153 
6 122 8 63 5 5 1 35 154 
6 39 6 55 5 5 1 29 155 
6 100 5 45 2 2 1 12 156 
6 63 4 27 4 4 1 23 157 
6 18 4 35 3 3 1 20 158 
6 88 7 68 6 6 1 41 159 
6 138 7 65 5 5 1 39 160 
6 46 4 23 3 3 1 17 161 
6 166 7 53 5 5 1 29 162 
6 72 4 27 4 4 1 23 163 
6 127 3 26 2 2 1 16 164 
6 156 7 52 5 5 1 35 165 
6 14 6 51 4 4 1 23 166 
6 73 4 31 2 2 1 13 167 
6 136 10 106 5 5 1 43 168 
6 57 6 47 4 4 1 25 169 
6 165 4 32 3 3 1 22 170 
6 39 8 63 5 5 1 34 171 
6 44 7 64 7 7 1 49 172 
6 101 3 21 3 3 1 20 173 
6 59 3 20 2 2 1 12 174 
6 189 5 46 4 4 1 26 175 
6 83 6 40 5 5 1 29 176 
6 183 7 52 7 7 1 47 177 
6 181 7 67 4 4 1 27 178 
6 78 6 57 5 5 1 40 179 
6 4 8 69 5 5 1 30 180 
6 168 6 57 4 4 1 25 181 
6 90 8 72 7 7 1 47 182 
6 165 3 21 3 3 1 16 183 
6 126 5 35 4 4 1 25 184 
6 82 4 28 4 4 1 24 185 
6 103 4 27 4 4 1 22 186 
6 12 3 21 3 3 1 21 187 
6 174 7 74 4 4 1 30 188 
6 10 10 119 4 4 1 30 189 
6 86 3 20 3 3 1 20 190 
6 30 7 64 4 4 1 30 191 
6 87 3 28 2 2 1 14 192 
6 151 4 27 3 3 1 18 193 
6 81 7 47 5 5 1 29 194 
6 16 5 33 5 5 1 28 195 
6 156 4 29 3 3 1 17 196 
6 90 4 26 4 4 1 24 197 
6 163 3 20 3 3 1 16 198 
6 126 5 31 4 4 1 24 199 
6 187 5 41 4 4 1 27 200 
6 157 1 7 1 1 1 6 201 
6 151 8 72 6 6 1 43 202 
6 11 4 27 3 3 1 19 203 
6 94 7 59 3 3 1 21 204 
6 10 5 36 3 3 1 19 205 
6 158 8 69 7 7 1 48 206 
6 57 5 41 3 3 1 21 207 
6 79 4 27 4 4 1 22 208 
6 2 7 69 5 5 1 37 209 
6 44 5 41 5 5 1 35 210 
6 82 11 116 4 4 1 30 211 
6 29 6 55 3 3 1 21 212 
6 39 3 18 3 3 1 16 213 
6 114 7 67 4 4 1 28 214 
6 44 6 43 6 6 1 37 215 
6 15 6 41 6 6 1 36 216 
6 131 3 25 1 1 1 6 217 
6 183 11 119 7 7 1 48 218 
6 57 7 58 5 5 1 34 219 
6 16 8 67 4 4 1 25 220 
6 39 6 58 4 4 1 27 221 
6 40 6 57 4 4 1 26 222 
6 60 8 89 6 6 1 43 223 
6 62 10 98 6 6 1 46 224 
6 52 4 34 3 3 1 24 225 
6 168 2 14 2 2 1 11 226 
6 154 5 36 4 4 1 26 227 
6 191 7 68 4 4 1 27 228 
6 32 5 31 4 4 1 24 229 
6 10 11 128 4 4 1 31 230 
6 70 4 33 4 4 1 28 231 
6 79 1 5 1 1 1 5 232 
6 182 4 32 3 3 1 21 233 
6 139 6 42 3 3 1 18 234 
6 188 9 104 7 7 1 47 235 
6 125 5 36 3 3 1 17 236 
6 49 6 45 5 5 1 33 237 
6 106 9 72 5 5 1 34 238 
6 191 7 67 4 4 1 27 239 
6 35 4 27 3 3 1 18 240 
6 160 7 70 5 5 1 33 241 
6 51 6 54 5 5 1 34 242 
6 28 4 33 3 3 1 22 243 
6 24 8 99 5 5 1 37 244 
6 87 7 65 5 5 1 37 245 
6 109 3 20 3 3 1 17 246 
6 62 5 36 5 5 1 30 247 
6 101 5 39 5 5 1 31 248 
6 107 6 50 4 4 1 29 249 
6 161 3 20 3 3 1 17 250 
6 38 9 84 4 4 1 29 251 
6 28 6 41 5 5 1 28 252 
6 137 3 16 3 3 1 16 253 
6 170 8 68 5 5 1 35 254 
6 7 5 44 4 4 1 30 255 
6 145 9 102 3 3 1 23 256 
6 7 3 18 3 3 1 18 257 
6 106 6 43 3 3 1 18 258 
6 181 7 57 5 5 1 34 259 
6 44 7 68 6 6 1 37 260 
6 133 6 56 3 3 1 19 261 
6 100 5 46 4 4 1 26 262 
6 183 10 84 5 5 1 30 263 
6 65 5 32 3 3 1 17 264 
6 31 4 29 3 3 1 18 265 
6 37 9 96 5 5 1 39 266 
6 43 8 76 4 4 1 28 267 
6 20 4 27 3 3 1 18 268 
6 93 5 41 4 4 1 27 269 
6 63 4 24 4 4 1 24 270 
6 89 10 96 5 5 1 39 271 
6 163 8 60 6 6 1 37 272 
6 36 5 36 5 5 1 30 273 
6 96 8 99 4 4 1 25 274 
6 26 8 74 4 4 1 27 275 
6 74 3 18 3 3 1 16 276 
6 144 6 55 6 6 1 35 277 
6 102 6 54 3 3 1 22 278 
6 19 4 44 2 2 1 15 279 
6 173 4 33 2 2 1 14 280 
6 42 4 23 3 3 1 17 281 
6 42 5 31 3 3 1 18 282 
6 88 5 36 4 4 1 23 283 
6 105 4 26 4 4 1 23 284 
6 163 7 73 4 4 1 29 285 
6 173 4 28 3 3 1 16 286 
6 148 5 42 4 4 1 25 287 
6 53 6 52 5 5 1 37 288 
6 174 9 79 5 5 1 32 289 
6 138 4 30 3 3 1 18 290 
6 170 3 21 3 3 1 21 291 
6 66 8 74 5 5 1 34 292 
6 118 8 81 5 5 1 33 293 
6 165 2 13 2 2 1 11 294 
6 102 6 61 2 2 1 14 295 
6 45 6 35 6 6 1 34 296 
6 123 1 5 1 1 1 5 297 
6 144 9 80 5 5 1 40 298 
6 163 6 41 5 5 1 32 299 
6 124 3 21 2 2 1 11 300 
6 68 6 39 3 3 1 17 301 
6 114 6 43 5 5 1 29 302 
6 45 4 29 4 4 1 25 303 
6 57 10 97 5 5 1 37 304 
6 150 4 33 3 3 1 20 305 
6 165 6 69 3 3 1 19 306 
6 184 4 26 4 4 1 23 307 
6 34 6 52 4 4 1 27 308 
6 140 6 53 3 3 1 21 309 
6 22 9 89 5 5 1 35 310 
6 60 10 85 7 7 1 45 311 
6 83 8 69 5 5 1 33 312 
6 61 5 41 4 4 1 27 313 
6 70 8 75 6 6 1 36 314 
6 183 4 31 4 4 1 26 315 
6 27 6 55 3 3 1 21 316 
6 11 8 65 5 5 1 34 317 
6 43 4 25 4 4 1 24 318 
6 126 4 23 3 3 1 15 319 
6 98 4 25 4 4 1 23 320 
6 155 7 76 5 5 1 35 321 
6 86 6 48 3 3 1 19 322 
6 142 1 8 1 1 1 7 323 
6 178 7 52 5 5 1 35 324 
6 157 5 41 4 4 1 29 325 
6 135 7 60 7 7 1 40 326 
6 179 8 88 7 7 1 48 327 
6 71 11 130 4 4 1 34 328 
6 31 13 151 5 5 1 39 329 
6 23 4 29 3 3 1 20 330 
6 149 9 83 6 6 1 42 331 
6 66 7 64 5 5 1 32 332 
6 108 5 47 4 4 1 30 333 
6 42 7 62 5 5 1 31 334 
6 22 8 81 5 5 1 35 335 
6 11 4 22 4 4 1 22 336 
6 104 5 43 3 3 1 17 337 
6 85 6 49 4 4 1 28 338 
6 70 10 114 4 4 1 29 339 
6 82 6 40 4 4 1 23 340 
6 13 5 38 4 4 1 25 341 
6 55 2 10 2 2 1 10 342 
6 118 6 51 5 5 1 36 343 
6 92 6 50 4 4 1 28 344 
6 77 8 76 4 4 1 30 345 
6 129 5 39 4 4 1 23 346 
6 17 9 95 3 3 1 19 347 
6 86 6 45 4 4 1 25 348 
6 128 10 109 6 6 1 47 349 
6 52 4 37 2 2 1 15 350 
6 81 9 98 4 4 1 30 351 
6 151 6 61 3 3 1 19 352 
6 16 3 17 3 3 1 17 353 
6 68 1 8 1 1 1 7 354 
6 18 5 41 3 3 1 23 355 
6 7 3 18 2 2 1 9 356 
6 115 7 68 4 4 1 29 357 
6 147 3 15 2 2 1 10 358 
6 3 2 17 2 2 1 14 359 
6 112 4 27 3 3 1 19 360 
6 69 5 39 3 3 1 20 361 
6 84 6 59 5 5 1 31 362 
6 191 5 44 5 5 1 32 363 
6 55 4 31 4 4 1 27 364 
6 9 5 38 3 3 1 20 365 
6 41 6 40 5 5 1 28 366 
6 166 7 56 5 5 1 35 367 
6 176 5 40 4 4 1 25 368 
6 113 6 59 5 5 1 37 369 
6 130 4 33 3 3 1 21 370 
6 20 5 40 4 4 1 31 371 
6 68 6 56 4 4 1 31 372 
6 76 10 131 6 6 1 48 373 
6 88 5 38 4 4 1 26 374 
6 99 8 64 4 4 1 26 375 
6 94 4 34 2 2 1 13 376 
6 102 7 79 3 3 1 23 377 
6 136 2 13 2 2 1 13 378 
6 119 6 54 3 3 1 24 379 
6 15 4 36 3 3 1 21 380 
6 82 5 37 4 4 1 24 381 
6 153 5 38 3 3 1 15 382 
6 159 4 29 3 3 1 21 383 
6 18 2 10 2 2 1 10 384 
6 112 6 63 3 3 1 19 385 
6 156 6 44 3 3 1 21 386 
6 32 6 61 5 5 1 36 387 
6 77 7 76 5 5 1 36 388 
6 134 6 45 5 5 1 31 389 
6 84 3 25 3 3 1 19 390 
6 128 4 26 3 3 1 18 391 
6 105 3 18 3 3 1 16 392 
6 50 7 65 5 5 1 33 393 
6 4 6 48 5 5 1 29 394 
6 150 6 59 3 3 1 21 395 
6 140 3 18 3 3 1 18 396 
6 41 5 33 4 4 1 22 397 
6 91 5 35 5 5 1 29 398 
6 131 4 41 3 3 1 21 399 
6 45 3 21 3 3 1 17 400 
6 156 8 93 4 4 1 30 401 
6 88 3 21 3 3 1 20 402 
6 83 12 140 7 7 1 50 403 
6 84 7 53 5 5 1 31 404 
6 164 4 40 3 3 1 23 405 
6 38 6 71 3 3 1 23 406 
6 33 5 36 4 4 1 22 407 
6 15 6 38 5 5 1 28 408 
6 146 7 68 5 5 1 34 409 
6 29 4 21 4 4 1 20 410 
6 161 7 62 7 7 1 46 411 
6 148 5 40 4 4 1 25 412 
6 188 4 30 2 2 1 12 413 
6 95 6 55 3 3 1 19 414 
6 13 6 47 6 6 1 32 415 
6 131 4 30 3 3 1 19 416 
6 129 8 61 5 5 1 35 417 
6 155 7 67 4 4 1 31 418 
6 19 6 47 5 5 1 33 419 
6 82 8 85 6 6 1 49 420 
6 107 7 64 5 5 1 38 421 
6 176 3 23 3 3 1 18 422 
6 48 10 99 5 5 1 39 423 
6 125 6 43 6 6 1 37 424 
6 158 6 58 3 3 1 21 425 
6 128 9 90 5 5 1 35 426 
6 33 4 35 4 4 1 26 427 
6 106 6 49 4 4 1 26 428 
6 102 7 52 4 4 1 24 429 
6 20 5 44 4 4 1 29 430 
6 84 6 50 4 4 1 25 431 
6 43 11 123 5 5 1 37 432 
6 118 5 51 3 3 1 20 433 
6 99 3 21 3 3 1 18 434 
6 45 5 49 4 4 1 25 435 
6 73 7 70 5 5 1 34 436 
6 32 6 44 4 4 1 26 437 
6 173 5 42 3 3 1 20 438 
6 171 5 41 4 4 1 24 439 
6 10 7 72 4 4 1 27 440 
6 71 5 47 3 3 1 21 441 
6 8 8 84 5 5 1 37 442 
6 147 6 44 4 4 1 25 443 
6 5 4 25 3 3 1 16 444 
6 184 2 13 2 2 1 12 445 
6 23 6 46 5 5 1 32 446 
6 17 6 54 2 2 1 13 447 
6 110 5 27 4 4 1 21 448 
6 134 8 71 4 4 1 24 449 
6 25 5 46 3 3 1 23 450 
6 166 9 98 5 5 1 35 451 
6 185 6 47 4 4 1 25 452 
6 161 2 13 2 2 1 10 453 
6 24 7 57 5 5 1 31 454 
6 33 2 10 2 2 1 10 455 
6 123 1 8 1 1 1 8 456 
6 98 9 105 5 5 1 39 457 
6 16 5 37 4 4 1 25 458 
6 14 4 24 3 3 1 15 459 
6 3 7 59 4 4 1 23 460 
6 85 6 47 4 4 1 24 461 
6 160 6 53 4 4 1 25 462 
6 33 9 96 4 4 1 27 463 
6 170 4 28 4 4 1 24 464 
6 162 3 17 3 3 1 17 465 
6 19 6 55 5 5 1 35 466 
6 51 7 63 5 5 1 34 467 
6 99 5 46 4 4 1 29 468 
6 135 5 38 5 5 1 30 469 
6 140 9 87 6 6 1 40 470 
6 184 5 34 2 2 1 12 471 
6 35 8 77 5 5 1 39 472 
6 171 6 51 4 4 1 26 473 
6 96 6 48 5 5 1 34 474 
6 15 5 42 4 4 1 29 475 
6 45 8 79 4 4 1 32 476 
6 150 6 40 5 5 1 29 477 
6 52 5 39 3 3 1 18 478 
6 68 2 14 2 2 1 12 479 
6 84 10 111 8 8 1 58 480 
6 135 5 36 3 3 1 19 481 
6 48 8 69 4 4 1 26 482 
6 50 7 72 6 6 1 42 483 
6 77 5 34 4 4 1 21 484 
6 171 5 37 3 3 1 19 485 
6 153 4 28 4 4 1 22 486 
6 160 3 21 3 3 1 20 487 
6 57 6 48 6 6 1 36 488 
6 145 7 67 5 5 1 33 489 
6 118 2 12 2 2 1 11 490 
6 178 3 20 3 3 1 18 491 
6 159 8 98 5 5 1 35 492 
6 113 4 26 3 3 1 19 493 
6 44 6 51 6 6 1 33 494 
6 134 7 65 5 5 1 35 495 
6 181 4 36 3 3 1 21 496 
6 189 5 36 3 3 1 19 497 
6 38 6 53 4 4 1 27 498 
6 189 12 111 5 5 1 39 499 
6 113 5 34 4 4 1 22 500 
6 141 3 18 3 3 1 17 501 
6 101 3 19 3 3 1 16 502 
6 143 9 90 5 5 1 36 503 
6 62 6 50 4 4 1 28 504 
6 58 7 56 6 6 1 34 505 
6 76 6 50 4 4 1 29 506 
6 42 7 64 4 4 1 27 507 
6 167 8 90 7 7 1 54 508 
6 97 6 52 3 3 1 21 509 
6 160 6 48 5 5 1 32 510 
6 20 4 26 4 4 1 22 511 
6 57 9 78 6 6 1 43 512 
6 166 8 87 5 5 1 36 513 
6 182 3 21 3 3 1 18 514 
6 10 5 35 3 3 1 20 515 
6 117 6 41 5 5 1 28 516 
6 148 3 29 3 3 1 22 517 
6 57 4 28 3 3 1 20 518 
6 79 7 62 5 5 1 33 519 
6 170 10 129 7 7 1 52 520 
6 66 4 35 3 3 1 20 521 
6 127 10 110 6 6 1 43 522 
6 164 11 132 5 5 1 39 523 
6 29 6 54 4 4 1 23 524 
6 25 3 22 3 3 1 17 525 
6 176 10 107 7 7 1 44 526 
6 111 3 31 1 1 1 6 527 
6 114 7 71 4 4 1 28 528 
6 36 2 11 2 2 1 9 529 
6 126 8 69 5 5 1 35 530 
6 141 4 27 3 3 1 19 531 
6 96 9 91 5 5 1 37 532 
6 169 5 33 4 4 1 22 533 
6 167 11 122 5 5 1 34 534 
6 53 8 81 6 6 1 45 535 
6 13 5 35 5 5 1 30 536 
6 136 10 118 7 7 1 46 537 
6 77 3 23 3 3 1 18 538 
6 38 5 41 3 3 1 21 539 
6 162 7 64 5 5 1 35 540 
6 56 9 99 5 5 1 37 541 
6 106 4 26 3 3 1 18 542 
6 34 9 112 5 5 1 37 543 
6 35 9 71 6 6 1 41 544 
6 39 7 64 4 4 1 25 545 
6 189 4 29 3 3 1 17 546 
6 139 5 42 3 3 1 21 547 
6 97 4 31 4 4 1 27 548 
6 29 5 44 4 4 1 28 549 
6 30 7 55 7 7 1 48 550 
6 24 1 5 1 1 1 5 551 
6 13 4 23 3 3 1 16 552 
6 171 7 76 4 4 1 27 553 
6 165 7 70 5 5 1 34 554 
6 77 4 29 4 4 1 27 555 
6 146 1 7 1 1 1 6 556 
6 149 8 63 6 6 1 38 557 
6 111 3 26 3 3 1 22 558 
6 109 5 40 3 3 1 18 559 
6 23 6 47 5 5 1 26 560 
6 185 7 68 2 2 1 15 561 
6 14 6 61 3 3 1 24 562 
6 74 4 31 4 4 1 27 563 
6 121 7 60 4 4 1 30 564 
6 70 7 63 4 4 1 25 565 
6 116 3 23 2 2 1 13 566 
6 36 4 29 3 3 1 21 567 
6 167 4 29 3 3 1 21 568 
6 158 8 73 4 4 1 27 569 
6 129 2 13 2 2 1 10 570 
6 168 6 50 5 5 1 32 571 
6 171 4 27 4 4 1 22 572 
6 18 6 45 4 4 1 25 573 
6 114 4 31 4 4 1 26 574 
6 135 4 23 3 3 1 16 575 
6 175 4 28 3 3 1 19 576 
6 22 6 47 5 5 1 32 577 
6 73 8 80 6 6 1 40 578 
6 142 5 40 3 3 1 19 579 
6 179 7 62 4 4 1 26 580 
6 144 7 66 4 4 1 29 581 
6 74 1 7 1 1 1 7 582 
6 132 8 87 5 5 1 36 583 
6 123 7 70 6 6 1 41 584 
6 44 5 43 3 3 1 19 585 
6 188 2 11 2 2 1 11 586 
6 82 2 15 2 2 1 14 587 
6 20 4 35 4 4 1 30 588 
6 89 3 17 2 2 1 11 589 
6 101 8 84 5 5 1 39 590 
6 92 10 109 5 5 1 36 591 
6 112 4 24 4 4 1 22 592 
6 68 8 73 6 6 1 41 593 
6 120 7 54 5 5 1 34 594 
6 152 6 47 5 5 1 34 595 
6 18 7 69 4 4 1 32 596 
6 164 9 102 5 5 1 39 597 
6 38 6 54 3 3 1 18 598 
6 103 4 36 4 4 1 28 599 
6 47 8 83 4 4 1 26 600 
6 112 4 30 3 3 1 20 601 
6 157 8 66 4 4 1 30 602 
6 67 5 42 3 3 1 20 603 
6 51 4 35 4 4 1 27 604 
6 88 6 44 5 5 1 30 605 
6 143 8 67 7 7 1 47 606 
6 168 8 77 6 6 1 44 607 
6 58 6 50 3 3 1 21 608 
6 40 3 22 2 2 1 13 609 
6 109 4 33 3 3 1 20 610 
6 160 7 56 5 5 1 34 611 
6 50 5 37 3 3 1 17 612 
6 56 5 46 3 3 1 20 613 
6 92 3 21 2 2 1 13 614 
6 108 5 48 3 3 1 22 615 
6 69 7 61 2 2 1 14 616 
6 137 5 41 4 4 1 26 617 
6 94 5 36 3 3 1 19 618 
6 167 7 56 5 5 1 33 619 
6 99 6 60 3 3 1 20 620 
6 14 9 83 5 5 1 34 621 
6 28 6 39 5 5 1 29 622 
6 30 3 26 2 2 1 13 623 
6 10 6 58 5 5 1 36 624 
6 66 10 124 4 4 1 27 625 
6 91 6 47 3 3 1 19 626 
6 13 6 47 6 6 1 37 627 
6 27 5 37 4 4 1 27 628 
6 108 6 55 4 4 1 28 629 
6 58 10 97 5 5 1 36 630 
6 142 9 69 5 5 1 35 631 
6 169 5 51 4 4 1 30 632 
6 45 7 72 4 4 1 32 633 
6 63 5 40 4 4 1 28 634 
6 139 3 20 2 2 1 11 635 
6 59 10 114 7 7 1 47 636 
6 191 12 128 6 6 1 43 637 
6 72 4 33 3 3 1 20 638 
6 37 10 98 6 6 1 41 639 
6 44 4 31 3 3 1 20 640 
6 107 8 90 5 5 1 40 641 
6 27 8 77 5 5 1 36 642 
6 186 5 36 5 5 1 34 643 
6 32 8 70 5 5 1 36 644 
6 51 4 33 3 3 1 20 645 
6 54 8 63 6 6 1 41 646 
6 112 9 105 5 5 1 38 647 
6 81 3 21 2 2 1 13 648 
6 137 4 33 3 3 1 20 649 
6 118 7 55 5 5 1 36 650 
6 92 5 47 4 4 1 29 651 
6 31 6 46 6 6 1 36 652 
6 131 2 14 2 2 1 13 653 
6 109 5 37 3 3 1 16 654 
6 46 3 17 2 2 1 11 655 
6 19 7 68 4 4 1 29 656 
6 12 5 47 4 4 1 29 657 
6 96 4 35 3 3 1 22 658 
6 11 5 39 4 4 1 24 659 
6 146 7 57 4 4 1 25 660 
6 26 6 51 4 4 1 24 661 
6 181 4 39 3 3 1 22 662 
6 168 5 41 4 4 1 23 663 
6 174 4 36 3 3 1 19 664 
6 102 5 35 4 4 1 25 665 
6 101 6 53 4 4 1 28 666 
6 114 4 37 4 4 1 29 667 
6 181 6 54 3 3 1 22 668 
6 2 6 50 3 3 1 18 669 
6 8 8 78 4 4 1 27 670 
6 153 3 20 2 2 1 10 671 
6 185 5 41 4 4 1 25 672 
6 106 4 31 4 4 1 27 673 
6 123 5 49 3 3 1 23 674 
6 172 6 45 4 4 1 24 675 
6 14 3 28 3 3 1 22 676 
6 154 7 53 5 5 1 33 677 
6 55 6 42 3 3 1 15 678 
6 121 4 25 3 3 1 19 679 
6 124 8 81 6 6 1 42 680 
6 132 6 47 4 4 1 24 681 
6 11 3 18 2 2 1 11 682 
6 19 3 18 3 3 1 16 683 
6 172 6 44 6 6 1 38 684 
6 72 4 34 3 3 1 21 685 
6 101 3 18 2 2 1 12 686 
6 41 6 52 5 5 1 35 687 
6 121 5 40 4 4 1 26 688 
6 97 6 50 4 4 1 27 689 
6 45 5 45 4 4 1 29 690 
6 154 6 45 5 5 1 32 691 
6 5 8 65 5 5 1 32 692 
6 102 8 66 6 6 1 43 693 
6 83 5 37 5 5 1 29 694 
6 46 4 32 2 2 1 13 695 
6 124 8 87 6 6 1 44 696 
6 48 11 125 6 6 1 39 697 
6 78 5 40 3 3 1 23 698 
6 169 5 39 5 5 1 30 699 
6 165 3 19 3 3 1 19 700 
6 41 3 21 3 3 1 20 701 
6 146 5 41 5 5 1 34 702 
6 12 3 24 3 3 1 19 703 
6 121 8 68 6 6 1 40 704 
6 19 6 56 4 4 1 30 705 
6 164 5 41 3 3 1 20 706 
6 64 2 11 2 2 1 11 707 
6 150 7 50 5 5 1 30 708 
6 31 4 28 2 2 1 12 709 
6 122 8 82 7 7 1 54 710 
6 11 5 42 4 4 1 27 711 
6 175 4 30 4 4 1 26 712 
6 188 5 38 4 4 1 28 713 
6 30 5 36 4 4 1 27 714 
6 5 8 72 5 5 1 31 715 
6 39 5 41 3 3 1 22 716 
6 19 6 58 5 5 1 35 717 
6 125 10 97 5 5 1 35 718 
6 121 6 45 3 3 1 17 719 
6 185 3 27 3 3 1 22 720 
6 19 3 21 3 3 1 16 721 
6 22 12 174 4 4 1 28 722 
6 69 10 88 5 5 1 36 723 
6 113 5 42 5 5 1 32 724 
6 181 4 22 3 3 1 15 725 
6 173 8 71 4 4 1 27 726 
6 128 5 47 3 3 1 20 727 
6 18 3 21 3 3 1 19 728 
6 120 9 96 5 5 1 37 729 
6 19 9 97 5 5 1 32 730 
6 128 7 64 5 5 1 34 731 
6 154 8 75 7 7 1 45 732 
6 60 6 41 4 4 1 20 733 
6 100 5 37 3 3 1 19 734 
6 75 10 91 8 8 1 56 735 
6 83 6 50 3 3 1 20 736 
6 73 6 48 4 4 1 23 737 
6 108 4 30 4 4 1 26 738 
6 144 9 80 6 6 1 40 739 
6 157 5 35 2 2 1 12 740 
6 160 8 69 6 6 1 40 741 
6 165 5 48 3 3 1 20 742 
6 96 5 35 4 4 1 26 743 
6 85 4 25 4 4 1 25 744 
6 55 7 61 3 3 1 19 745 
6 98 7 75 4 4 1 29 746 
6 176 4 29 2 2 1 12 747 
6 91 7 66 4 4 1 26 748 
6 64 3 22 2 2 1 13 749 
6 178 4 29 3 3 1 19 750 
6 160 4 27 4 4 1 22 751 
6 114 5 35 4 4 1 27 752 
6 133 7 66 5 5 1 38 753 
6 135 6 52 4 4 1 31 754 
6 120 3 18 3 3 1 16 755 
6 93 5 38 4 4 1 24 756 
6 92 8 78 5 5 1 35 757 
6 32 8 84 4 4 1 33 758 
6 66 7 48 4 4 1 23 759 
6 170 3 17 3 3 1 16 760 
6 87 6 40 5 5 1 31 761 
6 35 10 100 4 4 1 31 762 
6 5 1 6 1 1 1 6 763 
6 58 8 91 5 5 1 33 764 
6 97 7 62 5 5 1 33 765 
6 41 6 54 5 5 1 34 766 
6 155 8 75 5 5 1 33 767 
6 105 10 118 5 5 1 37 768 
6 9 5 40 3 3 1 21 769 
6 94 2 14 1 1 1 6 770 
6 141 5 41 4 4 1 27 771 
6 104 6 47 4 4 1 24 772 
6 100 7 67 3 3 1 24 773 
6 135 9 109 6 6 1 49 774 
6 110 13 166 5 5 1 43 775 
6 100 4 36 3 3 1 22 776 
6 120 8 89 5 5 1 34 777 
6 44 6 50 4 4 1 22 778 
6 21 3 20 3 3 1 18 779 
6 177 5 40 4 4 1 25 780 
6 138 2 11 2 2 1 9 781 
6 78 4 33 3 3 1 21 782 
6 144 7 55 3 3 1 21 783 
6 137 9 101 6 6 1 43 784 
6 145 9 102 5 5 1 39 785 
6 184 4 33 4 4 1 27 786 
6 50 3 20 3 3 1 20 787 
6 77 3 28 3 3 1 24 788 
6 66 10 99 6 6 1 41 789 
6 180 6 44 3 3 1 18 790 
6 6 8 85 5 5 1 40 791 
6 133 4 31 4 4 1 26 792 
6 80 5 39 4 4 1 25 793 
6 5 8 74 6 6 1 41 794 
6 27 7 58 4 4 1 25 795 
6 179 8 73 5 5 1 38 796 
6 142 9 83 4 4 1 29 797 
6 111 4 30 3 3 1 18 798 
6 77 5 33 3 3 1 17 799 
6 50 5 34 5 5 1 29 800 
6 40 6 45 3 3 1 18 801 
6 81 2 10 2 2 1 10 802 
6 48 4 27 4 4 1 25 803 
6 108 7 71 4 4 1 29 804 
6 179 4 25 4 4 1 22 805 
6 115 5 31 3 3 1 15 806 
6 112 7 59 5 5 1 36 807 
6 110 7 62 4 4 1 28 808 
6 162 8 73 5 5 1 39 809 
6 134 6 51 5 5 1 31 810 
6 12 8 79 6 6 1 42 811 
6 65 4 26 4 4 1 23 812 
6 116 4 24 3 3 1 15 813 
6 169 8 72 6 6 1 43 814 
6 102 4 34 4 4 1 28 815 
6 15 5 41 5 5 1 32 816 
6 179 4 24 3 3 1 13 817 
6 164 5 40 3 3 1 19 818 
6 183 9 84 3 3 1 22 819 
6 76 5 42 4 4 1 30 820 
6 10 6 47 5 5 1 31 821 
6 90 7 57 5 5 1 36 822 
6 117 7 70 3 3 1 20 823 
6 22 6 47 4 4 1 26 824 
6 52 6 39 5 5 1 28 825 
6 42 10 94 6 6 1 37 826 
6 142 3 15 2 2 1 10 827 
6 31 2 14 2 2 1 12 828 
6 59 9 100 7 7 1 51 829 
6 68 4 31 4 4 1 26 830 
6 53 7 58 6 6 1 40 831 
6 71 6 52 4 4 1 25 832 
6 69 7 50 5 5 1 31 833 
6 86 8 73 4 4 1 28 834 
6 6 4 27 4 4 1 24 835 
6 126 1 7 1 1 1 6 836 
6 82 8 72 8 8 1 57 837 
6 3 4 27 4 4 1 25 838 
6 7 9 73 6 6 1 40 839 
6 112 6 44 3 3 1 20 840 
6 143 6 42 4 4 1 24 841 
6 187 5 27 4 4 1 21 842 
6 137 5 38 3 3 1 16 843 
6 31 8 72 4 4 1 29 844 
6 154 7 60 5 5 1 33 845 
6 191 4 31 3 3 1 21 846 
6 64 7 82 3 3 1 23 847 
6 68 7 69 4 4 1 29 848 
6 3 7 63 3 3 1 19 849 
6 48 5 45 2 2 1 14 850 
6 111 4 25 3 3 1 18 851 
6 18 4 29 3 3 1 17 852 
6 37 4 31 4 4 1 27 853 
6 109 3 18 2 2 1 10 854 
6 57 5 37 3 3 1 17 855 
6 124 5 36 4 4 1 27 856 
6 15 6 49 3 3 1 19 857 
6 53 4 27 3 3 1 18 858 
6 88 8 68 6 6 1 36 859 
6 147 1 6 1 1 1 5 860 
6 21 6 55 3 3 1 21 861 
6 75 8 78 5 5 1 33 862 
6 173 6 50 4 4 1 27 863 
6 132 6 53 4 4 1 27 864 
6 58 5 29 4 4 1 21 865 
6 166 4 26 3 3 1 20 866 
6 185 7 68 4 4 1 27 867 
6 3 5 44 2 2 1 11 868 
6 113 8 84 6 6 1 41 869 
6 67 9 95 4 4 1 31 870 
6 16 5 47 4 4 1 29 871 
6 65 10 87 7 7 1 48 872 
6 130 2 13 2 2 1 13 873 
6 165 8 90 3 3 1 23 874 
6 110 5 46 3 3 1 18 875 
6 118 6 44 5 5 1 28 876 
6 15 3 21 3 3 1 20 877 
6 165 6 52 3 3 1 21 878 
6 65 11 136 3 3 1 23 879 
6 52 8 63 6 6 1 40 880 
6 97 5 46 2 2 1 15 881 
6 143 5 29 4 4 1 21 882 
6 67 4 31 3 3 1 19 883 
6 189 7 67 3 3 1 18 884 
6 146 7 47 4 4 1 24 885 
6 109 5 45 4 4 1 26 886 
6 26 3 17 3 3 1 16 887 
6 6 5 39 4 4 1 22 888 
6 178 3 22 3 3 1 18 889 
6 190 8 78 5 5 1 34 890 
6 40 7 59 5 5 1 32 891 
6 169 3 18 3 3 1 16 892 
6 108 12 113 9 9 1 63 893 
6 134 2 12 2 2 1 11 894 
6 88 6 56 4 4 1 26 895 
6 26 9 74 5 5 1 35 896 
6 180 10 112 4 4 1 29 897 
6 31 4 30 4 4 1 24 898 
6 22 6 49 5 5 1 30 899 
6 96 5 29 5 5 1 27 900 
6 123 7 58 4 4 1 29 901 
6 121 6 44 4 4 1 23 902 
6 101 5 46 3 3 1 20 903 
6 120 6 52 5 5 1 29 904 
6 130 8 79 4 4 1 26 905 
6 177 3 25 2 2 1 13 906 
6 69 6 56 5 5 1 35 907 
6 126 5 49 4 4 1 31 908 
6 75 8 88 4 4 1 30 909 
6 89 3 16 3 3 1 15 910 
6 110 6 50 3 3 1 20 911 
6 2 5 38 3 3 1 21 912 
6 29 5 40 4 4 1 23 913 
6 19 2 14 2 2 1 11 914 
6 4 6 59 2 2 1 14 915 
6 145 7 63 5 5 1 33 916 
6 175 8 88 4 4 1 28 917 
6 86 7 60 5 5 1 37 918 
6 21 4 30 3 3 1 21 919 
6 84 4 31 3 3 1 18 920 
6 123 11 102 6 6 1 40 921 
6 163 3 16 3 3 1 15 922 
6 60 2 19 2 2 1 14 923 
6 55 3 16 3 3 1 16 924 
6 49 4 29 3 3 1 21 925 
6 177 5 43 4 4 1 27 926 
6 54 3 24 3 3 1 21 927 
6 150 4 20 4 4 1 18 928 
6 29 12 130 5 5 1 38 929 
6 31 8 67 5 5 1 35 930 
6 87 4 27 3 3 1 15 931 
6 134 5 47 4 4 1 28 932 
6 43 8 80 4 4 1 31 933 
6 170 5 37 3 3 1 18 934 
6 73 3 20 3 3 1 16 935 
6 42 5 38 4 4 1 26 936 
6 83 4 36 4 4 1 24 937 
6 112 5 42 4 4 1 27 938 
6 171 9 91 5 5 1 33 939 
6 190 6 55 5 5 1 34 940 
6 142 8 73 4 4 1 30 941 
6 174 7 70 5 5 1 33 942 
6 24 9 83 5 5 1 34 943 
6 67 4 37 4 4 1 26 944 
6 93 3 23 1 1 1 7 945 
6 191 2 16 2 2 1 16 946 
6 4 2 12 2 2 1 10 947 
6 170 5 39 4 4 1 27 948 
6 171 7 60 4 4 1 28 949 
6 154 8 82 4 4 1 28 950 
6 110 5 49 4 4 1 27 951 
6 190 5 32 4 4 1 23 952 
6 93 4 29 3 3 1 19 953 
6 93 6 47 4 4 1 26 954 
6 78 5 38 3 3 1 19 955 
6 52 6 47 4 4 1 28 956 
6 41 9 84 5 5 1 34 957 
6 136 5 36 4 4 1 25 958 
6 190 5 51 4 4 1 31 959 
6 52 7 54 6 6 1 38 960 
6 98 8 66 5 5 1 35 961 
6 90 5 38 3 3 1 19 962 
6 77 3 15 3 3 1 15 963 
6 175 6 53 5 5 1 33 964 
6 117 2 12 2 2 1 12 965 
6 86 6 63 3 3 1 28 966 
6 158 10 88 5 5 1 37 967 
6 155 7 68 3 3 1 22 968 
6 83 5 38 5 5 1 33 969 
6 91 9 98 5 5 1 40 970 
6 116 5 45 2 2 1 11 971 
6 104 5 44 4 4 1 27 972 
6 137 7 60 5 5 1 33 973 
6 1 9 76 6 6 1 41 974 
6 123 4 25 4 4 1 25 975 
6 131 3 17 3 3 1 15 976 
6 13 6 50 6 6 1 37 977 
6 57 12 122 5 5 1 41 978 
6 89 10 97 5 5 1 42 979 
6 35 2 15 2 2 1 14 980 
6 50 4 29 4 4 1 22 981 
6 83 6 42 4 4 1 26 982 
6 94 5 46 3 3 1 18 983 
6 91 4 35 2 2 1 11 984 
6 12 6 47 6 6 1 36 985 
6 169 2 15 2 2 1 14 986 
6 25 4 31 3 3 1 15 987 
6 156 3 27 2 2 1 13 988 
6 123 9 101 5 5 1 36 989 
6 49 10 117 5 5 1 38 990 
6 190 4 33 3 3 1 19 991 
6 109 6 47 5 5 1 31 992 
6 100 8 73 4 4 1 25 993 
6 187 5 39 4 4 1 27 994 
6 183 6 43 6 6 1 37 995 
6 159 3 24 3 3 1 21 996 
6 33 3 24 2 2 1 12 997 
6 5 7 77 4 4 1 27 998 
6 77 5 39 3 3 1 20 999 
